-307
272
-442
-217
-153
395
-401
2
-416
-45
345
403
130
434
-274
-209
-313
185
169
352
308
-45
-68
-390
192
248
-191
-498
63
450
470
-418
139
-35
2
128
132
-17
-219
183
340
447
-81
350
-376
480
457
126
-499
-403
-46
-310
-204
377
232
-332
-489
102
-222
213
-250
-441
-90
-302
-227
-88
235
450
223
360
385
-27
469
-443
-79
-287
349
-34
294
26
-40
-292
10
-213
-66
-188
263
-324
-341
421
423
-247
434
208
-117
-247
-346
-431
278
-88
215
294
489
-208
384
-249
335
76
276
496
17
-48
280
217
-122
401
79
-313
-312
-397
-149
-1
140
-252
361
-306
490
238
332
327
258
-288
421
-403
-121
428
444
253
-5
-498
252
242
-157
11
434
440
-64
-27
328
217
228
-218
-72
254
-474
443
-54
-467
-163
197
-314
-287
364
362
-242
-140
222
140
327
371
144
26
-496
406
-468
-255
239
-158
-355
-293
-97
65
290
-112
-98
416
-295
437
433
450
445
-182
-246
284
-359
-196
8
274
466
413
-368
304
-270
-452
-83
103
-106
209
125
451
68
-439
-408
-373
98
437
114
-128
480
-85
-481
-89
-473
437
-289
80
34
-431
230
315
88
293
-491
84
500
-34
357
-66
418
-425
-389
-62
21
364
295
-78
430
83
291
-392
335
271
-46
19
337
170
-447
-147
223
-218
-188
400
-167
37
149
248
352
-173
353
-361
-134
-414
-261
-48
71
1
61
375
-383
185
-340
13
-450
-90
376
491
-480
90
-466
-224
-403
-294
125
-191
-81
38
307
-112
235
-58
-151
-121
-453
-372
348
-454
320
-215
416
451
281
416
-38
-343
229
383
448
-10
214
319
-476
312
19
-239
431
-430
-178
298
-373
-487
-40
480
373
389
-370
-147
479
140
483
431
69
124
-206
460
-61
179
-316
-88
-147
274
-183
361
-378
-158
380
-274
449
193
-319
-232
100
479
69
-104
-43
232
-298
-386
-92
-37
132
419
-208
-234
-264
404
376
279
450
160
260
218
-483
-233
-147
46
79
357
75
-312
55
-202
98
375
-363
-40
-425
180
360
482
-181
-283
491
-46
-229
405
72
-214
-87
-217
122
71
-12
-454
162
377
462
-102
299
-17
-5
311
-27
-245
-113
62
-217
-281
-381
-100
-169
384
-136
82
134
-462
-20
214
-297
159
420
-144
-352
365
-159
274
441
-457
-144
-11
136
415
-244
-201
-87
451
-80
-143
19
-163
-473
4
94
490
-497
14
-472
287
-56
256
-346
-149
300
356
298
-495
455
183
-457
-285
172
85
-226
358
358
-424
-319
-129
-363
436
-2
430
428
-4
286
338
87
101
294
94
