222
218
9
-208
104
64
298
495
-144
-11
352
497
486
-386
148
258
258
182
155
136
301
-77
-151
-111
297
-86
-491
-116
215
-383
326
-233
-116
350
304
29
-186
-202
175
130
434
-120
298
-400
-236
376
-422
-145
-22
308
481
429
-440
-2
-442
-86
346
-299
-440
-157
-481
-237
140
440
-376
-487
82
22
-44
-136
153
-361
426
-143
357
40
331
240
157
-132
-426
-388
-33
28
-431
-62
-384
82
81
-174
23
-274
488
-323
-192
175
-72
-124
-471
-181
316
-484
-164
-8
-290
-181
393
165
468
24
-442
-277
-260
118
-52
132
40
-66
-181
-447
254
-282
-82
26
-433
-208
247
388
-384
-237
303
303
483
45
-441
133
-118
340
-360
248
413
167
-439
-165
59
257
269
-203
427
-414
238
-61
461
55
264
112
-256
335
-332
16
401
250
-332
420
199
125
380
-291
84
159
147
24
49
97
357
-270
384
-426
-471
473
-178
-106
-281
396
242
-212
326
-290
93
255
498
-207
43
-97
-477
-183
-166
211
184
-311
162
-312
257
-362
487
-298
139
-366
-136
195
-30
266
-165
142
84
273
-474
-232
-186
-80
-209
157
382
-29
-483
-129
-100
208
372
113
301
200
470
5
-24
-329
-462
80
7
-360
331
2
383
-196
57
209
194
131
-339
-319
220
-94
-133
-25
-281
128
-372
-42
338
-9
45
-251
-125
401
17
-324
-367
418
90
138
326
481
-394
-452
-259
125
177
40
256
264
160
-9
-5
25
-369
-464
-427
391
466
51
-303
-26
50
-281
6
-78
-132
-191
-14
-230
378
-76
137
125
-309
-326
-351
91
417
206
416
87
-371
183
494
265
104
176
-307
342
-476
-227
18
227
189
357
-216
151
-221
470
-244
-85
75
88
60
496
-96
-363
-40
-49
-22
333
-348
324
-316
282
-27
408
-126
483
-424
221
-201
-134
-172
-469
-86
430
284
2
-45
160
-149
-174
62
-459
135
-5
262
-76
321
-126
346
-340
-308
229
124
425
454
-46
-254
-500
184
-224
144
379
344
-370
-60
-319
50
-220
-435
-445
241
403
495
383
-408
-124
-406
-15
-7
438
-94
433
-303
-317
-296
125
-252
-31
-431
425
19
-389
51
173
-287
-123
366
-23
-208
406
-101
-39
59
-98
482
-326
70
-423
-117
-178
205
283
-356
240
-145
-67
-176
-97
-174
-222
-217
-155
262
-407
173
-282
384
-449
-370
-304
-333
259
-475
242
-50
304
12
52
36
152
-42
85
498
-165
221
382
-338
-62
495
461
-268
310
222
52
319
-465
137
-286
-82
1
418
356
22
67
-221
-60
290
267
-230
268
-21
-409
-281
-291
145
165
-172
-318
-437
209
-410
146
-138
211
230
416
211
408
19
-353
-489
-226
-37
-354
426
-132
331
36
189
-335
225
-170
74
-426
-275
255
296
424
23
306
339
284
-215
137
66
322
222
226
69
-387
430
-106
-122
-58
-306
93
-301
314
-196
418
422
-52
-231
438
429
142
467
-84
-277
-233
-4
227
202
-320
491
-159
477
-56
-487
6
318
-273
395
373
-497
-253
-431
305
-19
-29
-362
-421
398
46
469
-299
198
-71
-427
263
48
-424
495
-109
-352
-22
-325
51
-418
-106
147
174
475
-437
186
-325
-215
-210
-476
222
457
-41
186
-4
-188
-490
13
-179
407
-390
-315
-325
-461
-240
354
264
205
91
395
-493
-204
416
-146
-205
-210
-144
-307
54
2
205
254
165
271
348
-350
247
-324
-270
256
20
67
-489
131
-142
-336
488
-313
-48
-408
248
236
310
-156
-28
53
-377
-210
493
409
-473
-481
334
111
376
-277
-275
-118
-72
165
-186
-146
-336
428
196
463
-80
127
236
-294
-256
-236
-83
116
-128
252
497
375
252
161
138
-115
-67
-130
479
414
-494
-264
-3
230
-159
444
-379
487
-120
-78
271
-475
433
-140
29
-144
-203
99
-287
336
310
100
-97
-319
-234
474
-88
341
-53
430
-34
-104
-482
-442
31
215
56
28
-401
369
-242
138
292
349
459
426
353
-228
232
-103
446
102
-131
-154
-476
-165
-366
47
-281
2
-173
231
-456
359
-127
449
-278
-73
181
-440
-250
-375
-407
272
-316
427
200
-13
-115
343
-333
313
-343
20
-113
180
63
-477
475
-157
22
-279
-241
377
163
-97
12
107
295
-378
85
-269
-112
-117
-494
377
-356
-236
-446
-451
-333
-104
457
-198
337
-158
133
68
-171
-331
-456
-179
362
408
27
415
406
-203
230
113
-476
486
-196
-353
236
-30
-389
-3
122
57
-269
8
-491
-35
-111
-285
-417
194
-323
-478
-229
-251
-215
368
164
485
396
105
202
-106
286
398
-161
-314
137
42
299
482
-45
351
-274
139
-327
-56
-383
-340
-52
-371
-328
-195
476
-330
27
288
-161
-279
473
103
161
-328
-320
-211
405
-82
-265
198
-11
-14
-339
109
440
433
304
-212
194
-7
-207
-383
-299
344
-240
-303
-68
288
118
405
-282
469
-373
-50
-219
-79
274
37
-425
135
-422
414
254
-396
97
429
139
463
-78
-77
69
-222
116
415
-139
-205
-486
-50
-320
112
246
-294
438
395
-269
312
127
-180
-292
-284
143
492
-107
-368
487
341
-19
-116
391
-471
-483
496
-316
-352
-270
-39
123
-40
-71
154
-387
288
129
361
-415
178
115
-6
349
38
-492
-29
-105
-342
-477
232
491
-268
-424
-138
461
235
-488
-4
97
-453
-117
203
-51
-397
-40
-390
-147
-149
-286
408
-101
-320
-382
424
364
67
358
202
313
-436
226
383
482
-443
317
12
492
6
154
351
-305
498
-186
-72
298
-351
-331
-396
264
79
-188
-498
-421
-52
-432
91
-319
-400
-288
2
-478
108
84
-121
342
-427
-289
209
-428
283
162
95
462
484
-465
334
336
250
446
266
69
-318
118
-66
-287
403
222
428
-492
433
397
399
-209
-152
-19
442
-110
444
-285
-272
-358
-19
-173
263
-358
-121
462
-486
-168
-324
-54
273
-23
-391
225
-377
-337
161
-341
174
-118
452
-314
248
74
-167
-336
291
155
-164
344
-461
-436
-189
45
474
-157
241
363
452
60
-63
57
252
-34
91
457
-57
173
-168
-109
-379
67
-235
108
-365
-305
62
281
73
229
-192
-214
-77
494
-104
-386
367
103
-382
-288
-377
-175
453
252
-269
187
166
208
-288
-487
304
374
-325
271
-186
-453
-151
-1
-82
127
232
311
215
-139
-221
-393
-498
193
242
29
23
490
-109
275
-241
42
216
369
371
-432
-132
115
-91
451
271
260
460
-466
-239
-259
143
452
152
288
-327
-113
44
-87
-34
-468
17
-98
477
-45
-304
195
103
-304
466
-276
311
250
116
489
-374
454
184
-367
-115
376
214
-364
217
-70
-258
474
-234
-423
60
498
368
324
-2
-211
-101
-35
156
130
65
-55
44
-390
252
126
224
-245
-74
-142
-258
191
438
-172
-123
466
-1
-9
-48
322
211
110
70
25
-422
-218
-19
37
134
-51
11
-443
-37
56
-349
383
-324
493
347
-35
184
447
-160
159
192
-49
-226
214
441
345
145
-349
221
360
-358
334
-146
244
264
99
112
-158
138
98
-139
368
171
-251
57
-457
5
455
-71
-457
101
-289
-202
48
317
-417
88
238
1
148
-99
-471
-395
254
124
-298
-265
-436
33
305
128
-304
-6
-472
-30
-63
-224
-232
-459
82
-196
306
467
-427
224
-348
453
-66
192
-464
-157
-351
60
-498
-68
-100
459
225
147
-424
382
222
421
293
-325
335
282
-361
267
359
437
98
365
320
-474
-382
13
-190
390
46
-238
195
-64
-361
413
-165
178
244
-85
-54
-306
414
39
-251
84
143
177
341
-393
-70
420
-155
-497
140
-461
-139
129
-84
-154
96
-131
-59
76
47
100
-274
-351
117
326
428
450
-53
-118
-246
471
9
-81
-409
-467
125
-72
87
327
-270
-460
-439
263
488
127
-151
-76
-199
-227
-313
-62
261
-336
56
-50
315
-22
419
244
163
140
467
-472
-371
-271
-392
120
-466
498
-118
-346
57
184
151
381
297
-127
235
-428
-296
-287
-31
339
361
17
384
410
230
-416
21
195
316
81
-419
-155
-207
402
-347
-234
-77
186
113
-401
189
224
-111
27
239
-477
-116
-372
71
61
14
125
-44
50
-406
499
-265
-304
140
302
437
35
-409
376
180
397
-229
-282
332
429
-280
332
-150
-420
464
-168
500
-453
109
387
264
481
305
265
-94
-374
121
-418
339
60
59
-203
-429
-466
-484
325
-135
240
68
-75
-197
35
153
88
290
-294
373
407
152
338
-224
-383
468
-298
-125
197
321
-139
184
-464
372
321
-253
-45
99
40
44
182
-44
47
-352
-489
-475
-146
-352
-131
-367
468
-178
-24
394
-98
485
449
-259
196
-240
-283
-311
372
-38
-386
453
22
-365
-406
108
-196
-283
-120
-140
151
499
93
362
473
468
302
212
50
-369
334
459
-69
-173
-282
3
191
-367
311
-249
126
-142
136
251
-428
-140
95
-290
-340
352
-274
55
356
247
-148
450
211
-201
443
31
70
-132
-269
329
-383
-230
-33
119
204
55
362
-124
-94
418
-276
406
118
-11
458
494
18
-495
-6
-439
-480
60
496
-412
-9
125
277
-129
67
-279
-477
364
496
45
-471
211
475
290
454
-60
31
-246
215
200
13
306
252
-484
-26
-248
11
447
228
-456
-438
-143
200
275
263
196
454
-265
-169
-451
-277
-191
155
-273
374
-64
244
-280
95
-358
30
-132
54
188
-146
-417
336
-209
246
373
-209
431
142
-396
-266
93
307
-278
121
83
103
188
108
429
378
472
-237
39
113
114
188
-173
431
355
-414
318
-437
-454
-402
398
183
365
272
297
337
262
-117
19
-383
99
310
313
-422
292
149
-102
59
251
369
-214
-458
230
-408
-122
121
-87
137
177
-166
382
158
146
-449
46
444
23
234
476
-500
-432
-318
-51
418
-13
-196
398
376
-69
439
-141
373
-284
-415
247
356
-35
-196
-128
-312
-196
-33
-361
136
233
-44
457
37
-23
499
366
447
28
-485
-256
294
303
44
-235
-92
254
-341
-52
450
-329
343
-302
94
432
-484
-374
138
-104
-340
361
305
-67
-325
-22
192
222
-44
-324
-353
216
442
-113
-267
-261
-54
-38
235
-4
-223
-333
376
-449
78
58
27
266
363
48
-95
235
-428
7
-376
-221
-37
-13
107
333
-232
115
164
227
-259
155
81
2
-161
-172
-19
136
-445
-468
-108
237
190
97
232
379
97
-343
-422
187
-352
120
250
425
-402
246
-193
349
333
235
-269
-54
147
42
-241
-152
-85
462
26
29
280
436
257
354
-229
-153
202
-362
104
416
131
-436
-338
51
284
-290
-353
-34
-10
198
-475
236
-58
-24
-500
4
-7
347
337
208
-475
183
223
-436
-104
-470
-483
-255
-302
201
219
-433
-144
70
176
100
-274
478
499
227
-46
-181
-402
69
-213
5
474
156
-217
-96
2
-43
477
-270
434
77
194
9
-192
-299
348
336
241
437
216
-349
-229
492
-413
181
258
327
15
47
-413
111
149
81
437
-346
-51
-370
87
484
123
-346
421
-332
7
142
223
180
198
261
-277
-287
302
-105
17
-387
-252
-20
-404
108
229
-330
500
-324
-268
-331
-190
-371
273
379
63
429
498
486
299
-311
-342
-480
149
39
387
460
-487
67
305
50
211
181
-426
-109
-260
253
-61
-444
-35
125
352
-497
414
-98
-8
-85
-125
426
-432
-275
-455
-293
-260
-223
218
216
-431
-408
275
-63
153
-1
413
327
461
-37
129
431
66
-183
1
353
109
276
266
166
486
-195
93
-243
-124
469
108
141
-53
457
-221
484
70
213
98
253
-44
482
-469
-190
-3
-344
-57
284
-307
-161
-49
-356
-405
-453
-447
-86
152
-126
-291
212
473
-405
-39
-138
429
372
444
-95
295
-350
-252
231
2
23
172
-87
-289
174
180
172
-111
-84
-270
-401
-225
305
186
-379
-392
480
-135
-208
57
250
-193
344
463
357
-106
296
8
-306
-136
-380
-85
92
-426
141
182
218
311
-178
489
-6
-291
424
402
-492
-413
66
231
-215
-457
139
-246
12
-418
-330
223
500
-136
312
-153
75
-175
-62
298
62
132
-393
56
434
93
379
97
329
-302
-270
443
18
-485
-24
355
-38
286
364
334
314
59
-241
-71
-388
209
-326
-1
270
422
268
378
264
-235
-4
-424
494
11
-138
-304
-454
-181
164
-122
167
-225
320
-239
-266
210
41
-88
-115
-268
179
-276
-83
411
-138
-179
75
238
6
478
450
-41
320
-24
226
186
363
37
417
193
-478
358
-274
-448
73
51
-112
-13
219
-365
328
-349
-11
137
331
482
200
362
436
253
-233
30
394
-276
-78
-56
190
97
-288
-129
-62
-427
450
234
96
393
288
174
-464
293
-89
447
251
-480
-276
-157
218
-98
-371
52
318
295
-365
287
417
-369
-427
284
-358
216
-371
470
-455
-255
399
290
-250
-321
-52
-442
186
473
-126
289
20
-115
375
-477
152
-154
-37
266
28
-400
-193
48
153
-489
277
260
281
186
-459
-485
-395
-160
81
217
-11
-188
-458
-81
-256
-388
-346
-329
-23
-282
178
91
-403
3
175
-92
-336
388
16
404
37
304
440
-8
148
444
54
-398
285
441
120
-144
312
-249
499
-98
-445
417
34
347
-213
7
324
223
-304
-67
196
-379
-242
-335
-281
275
-333
-110
115
48
246
-94
-457
177
480
-184
-454
-183
-191
-436
449
-196
401
148
-261
-344
-248
76
-253
465
-497
-408
211
-146
106
-372
-291
-336
-373
208
-178
-140
487
-130
-468
-473
242
414
469
-354
-141
-129
292
123
-447
297
-381
49
152
-108
-272
-83
-459
467
57
3
-44
-128
94
-500
-80
164
233
-327
390
3
-14
-176
83
-400
-461
336
-32
341
-212
167
136
252
43
-251
12
94
-340
497
410
61
298
376
359
-456
-55
-362
-452
-57
191
426
-62
-228
288
-323
-121
68
280
249
-158
-209
-326
-402
184
272
266
-77
217
229
-28
-202
-435
67
-213
354
20
-83
132
123
443
189
-92
36
69
312
-315
-245
-282
465
127
365
-379
492
-431
-326
9
-82
-280
-407
381
-444
-231
-445
-500
7
-227
273
-318
116
-379
122
457
-486
-320
84
-111
-397
216
353
-251
342
230
-82
-379
-296
140
143
-120
-332
22
140
-442
-473
-377
372
-185
-104
327
-461
-383
461
-173
-118
233
231
363
385
407
461
182
410
45
-280
198
-76
-496
-102
-140
-460
168
-125
-61
-335
366
250
-127
-413
-173
-42
433
-451
153
-97
271
-164
246
469
297
272
-97
-210
-181
-394
314
223
-52
-175
-225
497
327
-434
-448
378
-204
-406
171
-25
237
204
-354
297
99
110
241
-319
-265
139
-154
-456
166
159
477
-187
-101
265
316
-360
32
237
75
-340
308
51
495
-319
-369
497
160
-59
74
214
384
-303
42
-188
-94
-455
5
-362
12
-159
158
-226
338
77
108
300
364
-406
141
-20
-120
135
-480
123
177
372
436
-151
382
-185
17
480
86
285
-478
461
-279
-220
92
249
124
-102
-218
334
-479
-88
3
-375
-452
-315
464
25
-370
-499
88
-230
-369
270
-84
-186
-122
57
-340
214
92
-220
-303
-296
-489
135
-43
287
195
-497
160
-340
456
406
329
-86
147
474
49
122
-64
113
-120
17
455
-92
-196
395
-328
446
-419
-75
-335
-14
318
-420
392
-487
-430
-326
16
498
-349
362
-192
332
-337
175
-455
-54
325
153
-5
-227
142
-318
-469
369
207
-493
37
9
231
-45
-372
-458
-72
-411
-250
-10
190
50
-143
475
149
247
-292
59
-439
-208
202
-5
275
350
-54
416
-187
401
383
178
-343
216
-180
157
-377
427
-28
352
348
-327
60
-144
-206
-75
-420
118
176
396
106
-473
416
60
331
246
-112
-79
-313
-418
-265
106
-245
-446
55
276
-394
-143
148
-253
114
156
-70
-397
455
400
-308
-403
-228
473
190
-444
-496
-392
-289
-121
142
128
-10
-93
340
183
-497
-199
-434
-7
-419
206
36
-58
241
-226
455
93
378
-427
-177
-363
-195
-398
-233
251
-354
66
53
-212
302
176
291
220
-453
-385
-256
-303
309
-79
-104
192
285
346
381
-131
-495
440
74
-453
-306
155
-84
12
157
-433
420
-218
-382
-41
120
-446
-478
399
-44
77
189
-410
189
165
12
-106
223
135
-385
-368
-347
119
198
-376
-370
90
-184
331
421
217
93
363
145
420
-172
34
-100
-343
170
-39
-170
-97
128
224
-422
481
-263
330
340
-437
-36
31
-123
432
91
331
99
113
-353
275
277
289
-99
-446
367
450
353
37
353
266
440
-203
-23
265
151
-149
295
467
55
331
295
324
-260
121
-329
55
483
307
-73
-380
-110
-151
465
-298
-29
-440
408
470
-124
-280
477
221
92
-463
-98
387
-370
-112
154
353
-37
6
56
112
-65
132
-226
500
379
482
305
184
-406
8
-204
243
-153
-184
-223
388
188
-328
371
231
-289
-225
-82
266
203
47
133
145
36
494
124
45
400
224
198
19
168
-78
-151
235
117
258
-70
35
-231
-364
409
166
279
77
344
-463
-338
-260
384
340
276
-250
500
451
-313
84
-221
-29
138
-476
201
493
-478
26
246
362
-463
-367
395
192
-130
429
24
350
-63
144
264
-301
-388
102
-192
156
-74
-116
338
176
82
-317
-61
-268
-492
386
48
-496
13
-70
-61
-358
-246
103
-281
49
382
468
32
-64
-146
277
-135
129
-370
-351
422
-64
-182
-250
444
324
164
266
-26
218
-279
365
266
60
-191
65
-118
-280
293
-262
-328
-61
376
186
156
73
397
347
-432
298
-316
235
490
-233
44
19
79
-362
406
-356
-450
496
366
9
248
419
-169
-497
-168
-440
-224
82
37
257
490
-3
40
286
340
203
-101
-151
275
-426
378
154
-323
-403
177
-300
-271
105
301
217
-185
229
40
54
27
257
345
5
-145
25
67
488
127
-148
483
68
-282
452
175
-136
-486
106
303
-497
17
-268
-345
420
347
-399
431
496
-262
34
454
-139
63
-268
354
312
285
-453
-335
102
-440
11
467
-82
-454
-165
286
346
47
-213
378
-270
-104
-292
95
120
-393
-405
138
87
-102
499
55
234
-457
1
470
497
-493
12
-181
-122
-263
-432
12
-491
-270
500
333
-426
179
124
-197
-222
-408
-277
-364
161
-425
-26
111
-50
5
-206
283
-126
57
-110
370
443
64
-365
118
-54
-118
-478
-95
-109
-76
435
445
-319
-311
255
-260
-456
416
251
-346
74
383
-191
78
75
-114
-12
-71
60
259
60
-11
-342
336
-459
-396
-143
84
255
-133
316
-339
304
157
289
178
434
-364
114
-366
-381
105
-39
-357
351
122
-235
492
-368
-402
-64
-5
267
272
69
-453
399
-472
246
231
-317
262
-312
89
-402
337
69
463
210
-215
371
-227
225
-207
26
66
289
393
-81
281
472
-448
-458
375
-143
-446
-256
-283
370
450
426
-236
-343
-315
110
-406
-212
120
-263
337
83
419
454
-317
190
218
-282
330
-82
-47
-240
271
305
120
-385
473
239
305
-92
-16
388
-397
-186
-293
370
457
-292
-60
-118
-164
-136
-469
27
67
-394
-400
315
450
22
-267
82
-500
452
-469
-238
-71
269
-247
311
414
-395
486
-110
209
-177
22
200
-130
-80
-219
231
189
328
294
-248
-343
-21
352
-263
-262
36
197
-305
385
426
-200
-392
155
-323
358
-156
-214
-30
-308
125
-232
-352
394
-255
39
-381
-336
126
492
440
20
-51
-272
-297
-372
148
-80
31
156
251
-466
-432
403
-292
6
-243
-326
258
-373
-177
-475
347
-324
28
163
173
-408
-428
163
-204
-450
194
239
374
-5
-355
375
-34
-78
-178
-338
367
-456
56
-14
286
205
240
430
-54
163
414
-109
236
-8
426
263
91
-87
-336
-405
-64
-100
52
-416
-464
-14
116
-324
310
264
-177
-27
245
-414
-214
201
427
81
330
84
75
-171
-221
41
-326
264
-331
271
-405
-155
-3
395
156
408
472
280
-89
235
444
338
79
-272
393
-483
226
-415
-493
158
-285
-134
57
301
-363
-454
310
75
394
296
387
82
-417
341
305
57
-63
-345
-104
-264
179
-273
9
376
193
-188
-450
192
266
-275
-30
160
-23
-212
-148
93
193
315
-212
-103
361
483
60
-177
207
395
-283
-330
57
-431
-16
-31
-389
409
-35
-4
302
207
161
185
334
-105
-133
420
-474
394
374
197
269
-362
116
200
351
278
-288
380
-42
236
-417
-364
7
380
181
-143
181
-254
369
213
-358
232
-453
-267
95
-168
-158
-401
-289
45
356
-419
-191
-332
-125
-280
36
-129
122
482
-397
-227
-181
-219
407
438
450
299
-28
-200
-175
135
-490
198
-158
-326
-328
-109
-180
477
-91
349
-270
-180
277
449
358
-162
346
457
-38
57
335
-374
-493
100
-265
123
-95
331
181
323
-363
385
-344
211
124
246
433
-472
470
-9
-20
-268
-433
-486
-377
152
-293
-448
-377
-17
426
458
382
284
1
86
-423
135
451
-470
429
-66
-158
-358
-172
34
-137
455
-422
-370
31
443
307
-309
198
84
-399
-349
-163
-91
80
-431
-116
234
-124
-460
-58
107
480
122
-192
-305
-355
-147
-359
-350
362
154
165
15
491
442
-376
-412
463
-34
-238
246
-490
109
129
286
239
468
326
192
456
-364
182
187
-309
-299
-58
-139
-436
-395
-205
-55
119
-346
3
-261
170
-290
401
495
-196
256
337
300
141
-337
374
287
413
-436
169
-374
320
-189
-138
-430
477
-87
79
85
-80
64
312
444
-482
140
-75
-489
175
-115
361
-146
229
-151
119
-27
-157
-150
440
-193
473
72
-344
-442
-238
-330
-101
436
208
-137
322
-23
253
-446
-267
-114
-469
-287
246
-330
284
-82
134
-214
104
167
13
-403
362
457
-487
-368
256
-268
-381
-484
-256
-49
83
231
-112
112
-87
-389
364
77
416
306
-97
-172
171
-142
221
-317
453
-491
-445
-188
-118
-479
422
-331
499
-9
-210
-73
336
-307
-405
-361
170
420
-453
-144
-183
-51
-177
442
-18
270
-131
107
57
23
36
318
-234
-319
-345
257
-85
132
189
-437
-25
-433
-49
-122
-453
-66
28
195
121
-449
476
-493
-12
-323
-199
406
-466
378
-378
119
144
-319
-68
-434
-26
153
-87
-62
-271
299
143
-192
-42
-122
69
-249
-424
-385
80
179
-199
107
477
-384
-53
-216
-387
304
477
347
-166
-258
-163
-80
-460
348
-90
444
-123
314
-10
-371
437
-324
100
-458
266
-354
357
170
192
-475
472
349
-246
-270
192
-151
-315
41
145
179
213
-338
-467
-386
-24
440
279
90
-451
279
-499
271
405
228
-309
458
-440
91
302
64
336
-321
-291
137
-268
384
346
-80
-465
299
215
294
-51
59
359
-178
-125
308
407
158
-360
-441
-195
-456
-328
432
-10
-196
-109
412
377
-162
-86
417
413
-167
115
-478
127
468
187
496
-124
-256
-446
-200
256
323
329
-335
-314
-14
107
238
-425
-188
-105
-307
-375
-461
230
-142
20
327
204
-90
-161
-446
94
-2
-389
-129
373
222
-497
-68
-341
-211
174
-209
198
394
401
127
23
-12
317
-405
-76
-437
-307
-299
-214
-9
47
-264
-16
-103
497
-410
-357
431
-62
362
-461
209
303
-415
-16
403
-140
-306
-323
71
137
339
402
166
105
-101
-326
332
-317
-144
169
-394
212
-463
-108
-354
-14
-238
461
379
-430
130
289
383
-207
-437
71
184
30
-316
-180
-382
-361
-109
22
387
467
-207
477
-359
-114
59
-126
-467
-389
293
-452
-263
294
134
359
-267
36
80
-61
195
-233
359
495
13
108
453
-480
-372
86
-88
26
268
-326
72
285
61
-18
376
-245
397
193
413
-64
445
-290
-92
385
375
-207
98
212
-9
-77
242
272
-174
487
-137
-371
-199
-112
475
150
207
295
348
-462
235
-241
360
-115
-477
-120
-151
193
150
139
-301
473
-145
311
272
350
-311
-483
-102
-204
-198
191
314
198
188
87
125
-495
325
262
-78
-104
201
-58
183
381
85
-229
455
362
-262
130
6
-155
429
427
-27
-395
-116
29
214
179
480
197
333
-75
-5
-480
-328
-341
51
263
-297
-304
110
210
240
122
-295
153
-376
-221
432
-391
335
-16
498
461
436
206
-96
368
302
55
-307
-223
-435
64
143
125
186
-361
-419
477
86
-399
-96
17
256
-493
-279
-245
-158
78
262
-277
342
-130
459
-114
-287
-225
280
-280
-313
97
-488
304
-149
446
84
-357
359
186
92
361
313
-262
-328
-126
-314
-232
63
-447
-417
121
-113
427
463
-289
-412
-434
-235
-316
-237
202
-163
351
-469
435
189
-386
32
273
424
-50
210
59
179
7
316
-465
142
203
-113
-495
192
103
-193
218
-437
451
-251
-91
385
-343
-305
177
122
56
-16
-35
-432
-430
-13
-240
415
-95
-201
-93
-282
284
-243
32
339
-99
138
-62
-271
193
139
231
-123
217
11
407
245
-378
151
352
497
345
-84
204
397
137
-328
87
193
274
-112
-495
371
343
-280
-11
145
410
-261
-82
-9
-191
86
288
80
-481
-241
47
-346
132
-84
-402
-498
455
425
-415
255
-270
382
-117
117
-153
72
-468
89
-43
-242
400
-256
498
-391
113
-17
485
439
-361
-199
-413
212
187
480
-473
-174
461
226
109
-370
-261
104
-286
-346
-98
-158
-314
391
-171
230
-91
14
-333
-10
355
162
-267
360
-308
-197
250
416
-225
63
177
38
196
-319
-290
469
-209
-260
396
-27
-325
-108
-78
-136
331
-198
-491
-274
-285
-215
-421
-218
-313
103
-96
-411
352
-494
43
-233
328
379
164
-5
244
-23
-402
-293
-217
423
25
233
352
-307
355
-266
-468
-1
-297
-80
-225
-205
-341
341
-393
371
96
-295
329
-341
-139
-366
-251
237
-371
88
-417
221
290
-316
-323
-101
288
365
-495
-300
-312
-238
-30
110
290
-495
-489
-464
276
461
-465
-17
456
369
87
-82
333
460
295
-263
-265
291
473
33
-33
347
55
250
-245
-460
286
-228
-361
-481
-256
-239
-2
-275
283
223
300
-313
432
-364
-181
7
364
-85
-422
-380
-309
-198
147
284
279
-245
-75
-433
-120
183
120
-266
424
208
415
-23
-205
-33
192
282
322
-49
84
403
-278
-3
275
381
-119
-44
-175
-256
287
232
104
-449
39
321
-479
-325
308
154
-97
-280
-122
248
390
-177
-292
154
420
-320
100
-80
-364
336
-232
254
23
-43
-356
442
-293
-421
-26
-479
177
403
439
356
386
-474
-180
-446
-259
347
-278
361
-406
154
356
-376
-430
309
260
-171
-355
-264
