218
-231
-98
-22
-281
-193
-198
-9
350
416
116
-194
196
78
108
317
477
-35
-114
-214
251
140
139
-322
416
-447
-294
-459
481
-468
-487
412
331
38
3
337
158
202
125
-283
-261
-71
-368
-44
67
-436
-295
17
-295
-68
305
50
381
257
-275
-45
-268
-90
-145
-484
-144
264
267
62
-334
-358
-34
99
160
419
395
470
-78
-298
-192
433
202
-273
477
30
463
448
295
-410
402
389
291
458
418
90
-38
-445
-220
-208
-51
-7
-124
10
1
373
247
197
-119
-406
-410
146
18
-186
-307
434
129
372
394
171
300
-296
-304
84
146
459
-484
-2
-194
-239
-79
-358
-112
-459
-110
-400
173
-456
187
-398
28
387
-460
13
-75
153
-424
-360
-239
41
448
258
-135
-96
251
153
350
-290
428
461
-54
-155
124
-13
333
-211
494
401
-180
449
490
-210
140
147
-301
-69
222
-331
237
207
-397
349
386
-18
-245
496
-67
-72
-204
-274
-326
359
-65
-392
33
-369
17
-320
466
467
-304
443
168
-78
233
376
-193
-106
423
57
96
384
-142
-14
-41
316
442
214
-274
480
-142
65
89
-91
-168
-465
72
375
-51
319
-368
-435
394
-418
-440
173
-253
-415
407
-351
-152
337
-163
-435
-100
305
389
-276
388
-448
90
-408
357
182
328
-337
347
-201
-386
-224
389
-452
267
-59
-420
-482
-127
352
213
-247
-66
-19
257
-422
-355
-127
-173
-20
305
-94
-85
-235
-465
-195
-119
216
-24
-97
454
-423
164
-51
128
-276
149
157
-445
444
477
-85
-79
280
-35
383
396
295
-355
396
416
-415
-41
-297
462
-394
379
34
278
60
191
300
-248
-146
-439
-84
213
418
70
-238
-455
-470
109
-291
317
200
-292
93
-93
-141
-280
-385
223
245
17
324
114
305
-297
-110
-445
120
-307
-276
452
430
-142
222
117
157
-448
105
-273
283
-4
182
200
186
-15
405
377
197
-148
383
384
-397
18
-392
410
-360
67
-363
344
-273
8
-325
12
-403
-438
424
324
152
321
-132
-217
144
33
-50
53
234
-499
-446
-79
169
-133
-337
412
297
-31
463
-420
-30
113
-328
-401
-226
120
-410
-20
-213
-170
-109
-37
314
-334
314
384
204
423
-161
93
223
-58
-410
-210
-230
171
462
-243
274
-52
-329
431
-430
64
-177
-477
368
-31
112
-399
121
-179
-277
357
-497
138
343
-357
422
363
-76
497
374
-221
268
-327
188
-469
427
16
233
-249
-223
-346
-26
-242
-48
-45
265
407
-384
-420
-239
37
-213
-89
206
19
442
71
73
69
-51
-41
378
347
181
332
154
85
420
-310
-10
52
192
-418
436
384
99
301
373
-237
-413
-474
-437
-432
231
-481
-69
-192
156
-25
-96
76
-334
170
-23
260
475
-2
290
267
-174
-261
-280
3
61
-25
-436
-350
476
-475
427
-434
466
313
367
-277
-327
-284
-489
41
-314
-206
-166
-19
-76
140
-227
-403
-7
-449
295
-415
-262
-227
484
300
333
-47
62
-140
-58
139
352
-477
257
232
-150
-172
344
161
167
125
466
-498
-236
-165
417
78
346
-127
-479
154
-5
38
224
-175
159
389
-471
151
-24
500
119
-209
131
66
-194
-236
-44
46
472
-157
-20
-254
431
196
220
-394
272
-302
438
11
-86
-330
-20
396
96
-120
-97
105
-277
480
496
335
477
-169
3
-46
-425
217
250
-435
165
-460
427
-287
-364
200
141
-126
-170
31
-473
-260
451
341
-90
45
329
-15
68
459
68
-291
-192
324
210
33
-431
80
269
81
196
-112
-129
-280
-427
-127
396
201
-333
-447
-380
225
271
190
-225
397
395
-445
-134
-219
-461
53
262
443
-279
136
-369
467
-165
-179
427
-309
83
344
-477
-276
407
294
-83
-262
126
19
258
134
143
311
-387
-391
373
-185
297
287
-289
-372
317
-233
31
436
237
-211
381
-449
141
235
-73
364
380
-73
-231
40
-78
489
-23
398
494
-139
129
-140
426
284
295
-368
-297
344
-385
75
156
-71
-489
438
76
-356
-163
474
-371
87
-404
339
-394
-229
66
241
-368
399
279
338
413
-58
-190
-164
-289
-225
-204
-394
-246
-375
426
-32
426
149
-267
58
-180
-255
146
429
168
-127
217
-468
142
273
-458
360
234
-87
-494
-180
-259
42
352
339
-123
391
486
301
-200
-194
-377
-41
-61
-111
-271
226
-224
434
-238
96
238
199
-343
350
-72
-200
96
-60
-367
-210
-460
167
-203
-260
373
299
-340
333
-497
-226
-224
18
166
-476
-246
-170
-120
389
437
-262
3
-419
58
25
-432
-123
-176
-475
216
373
134
-168
378
-76
205
123
-397
-49
291
-9
-323
-377
271
338
301
-449
252
-189
-172
442
100
-83
105
-451
203
117
-90
23
345
347
-70
80
411
450
-31
459
-456
-127
-172
-455
37
-400
-64
488
282
54
130
-173
-401
-123
13
-62
123
-28
267
168
52
-430
-488
24
251
-121
210
421
-415
-41
125
-396
-291
41
-404
-360
275
72
206
-32
172
-336
446
491
300
-288
133
-172
105
-480
-421
465
-128
-457
131
289
142
-184
-381
-448
-206
-105
417
262
-488
-31
80
103
-31
-40
-49
464
-453
-278
321
-13
-459
-365
393
-398
367
289
423
153
451
-114
21
-190
224
306
-191
71
-435
26
60
208
352
372
389
