-101
361
-332
319
-109
315
124
21
-36
462
193
-219
-387
87
370
-480
105
107
98
133
-327
479
275
40
298
-291
156
-86
-320
-372
-403
158
-192
443
189
-495
-22
465
473
-106
6
260
-405
203
-17
-413
426
-426
-334
406
-443
38
374
-261
7
116
-262
172
-219
390
-449
156
373
-491
-450
229
297
357
-268
-16
483
-286
-6
411
-332
461
103
-153
197
-181
-40
39
176
7
12
-218
154
-240
-460
-383
450
71
-458
-28
-367
-301
118
244
234
-236
-273
241
456
84
129
207
-309
132
500
-421
367
-273
60
-276
266
-38
-465
463
257
-336
13
-465
320
-87
254
-185
-228
104
474
80
-391
-276
396
-276
-285
-38
155
-118
98
-292
212
471
435
-227
453
147
424
199
161
471
87
-243
-11
214
-65
-459
483
217
3
325
249
298
-394
491
-471
500
-471
-298
103
-90
-18
-445
-477
-418
104
-434
214
-25
-228
-161
-478
-257
403
-430
-67
-173
-67
-85
-277
-23
245
233
188
66
272
-115
-387
198
426
-293
