360
333
222
-373
-320
300
-2
297
278
-23
244
-79
-328
445
-25
-346
39
-367
325
-315
-218
-178
-95
42
38
-254
207
349
-218
41
-478
127
-65
277
232
-33
206
-169
185
-174
-275
4
258
15
146
-218
-441
140
-338
394
-7
20
-137
-14
399
-44
-113
-154
401
-346
-223
-170
-408
168
-225
-315
-488
444
-23
446
144
95
37
-127
417
483
-35
-303
461
188
-32
-416
-337
143
317
-280
78
216
-123
51
-315
-179
186
292
-452
331
482
-3
107
-177
234
383
332
-426
441
493
10
-104
-153
342
-375
-88
420
-174
-236
448
308
280
-429
-93
181
-125
-257
-387
124
-13
401
-354
191
-345
378
395
-123
-324
-379
421
-1
-250
274
-166
364
-395
279
-84
276
395
-220
339
463
-394
77
400
-359
-334
-285
29
-179
413
171
427
423
99
-110
485
-99
413
-192
253
-463
-182
-86
-396
133
221
303
-250
-468
369
-286
150
231
-59
376
474
398
-85
366
248
288
302
-116
-316
-400
-161
-37
69
373
-191
-439
-86
319
-320
-150
-182
35
27
-34
233
27
118
-204
-332
-313
-324
186
87
-80
188
-473
166
-353
-156
36
319
-282
126
121
60
480
184
-294
169
177
101
-226
155
-459
463
199
56
217
-465
139
-271
-408
283
-226
74
307
-50
-441
-109
15
-393
-353
194
-130
-408
182
-386
-134
-291
118
260
38
457
13
-378
-137
241
219
59
93
116
145
-363
169
-136
17
211
-204
-33
-232
244
180
358
419
246
-382
285
-363
-304
-301
318
334
-371
-196
253
312
296
481
-389
69
-411
496
-476
343
389
-218
-460
-234
88
233
356
-336
-36
304
215
59
-321
-320
411
-76
304
4
344
-93
166
271
-370
-173
421
330
-347
260
-441
-465
241
-150
-333
-307
-391
107
-225
79
-483
500
227
39
-216
241
-377
-7
-245
-161
-310
254
-367
258
-238
184
-87
-124
12
-386
-460
-383
331
454
-47
-153
82
57
267
38
-150
-225
-405
48
10
143
59
-305
415
464
373
-317
22
401
187
293
159
-72
-366
-479
53
-344
-146
-1
-407
21
80
232
-212
-390
70
-235
-200
292
-426
441
390
91
-432
-95
55
-118
-454
235
-482
-63
-306
280
-103
-71
-341
-7
-294
-265
-188
65
-475
-375
31
-93
-233
-64
-452
43
-415
-83
124
-486
187
-143
110
-115
-388
13
99
-430
260
370
-336
267
-26
5
-439
65
-240
-498
414
-433
102
220
-50
-32
142
22
313
228
137
-486
-223
-200
259
-311
-310
-474
189
-113
-343
-49
45
-462
358
-196
422
-70
-232
106
467
162
161
-188
329
89
-444
-155
208
-345
-306
-60
-221
-371
398
443
393
-140
-240
402
-127
238
-127
57
8
399
442
40
-88
115
387
-349
162
332
315
-469
224
-11
98
-185
-469
-419
42
73
-369
-114
245
35
450
307
100
205
481
-175
-283
184
442
-161
61
-112
421
-185
-187
-70
-85
399
-151
-9
-319
-209
-41
352
495
-466
-246
-483
-302
-331
386
123
277
-155
126
-58
346
45
159
369
-408
208
-411
-320
-357
-200
-50
213
345
253
30
414
77
261
-354
-389
463
-415
286
-86
-384
385
108
-259
464
-422
321
369
293
-133
-259
-408
-117
96
56
-44
467
372
-25
-27
141
482
284
359
-480
223
-13
-460
-452
-31
-236
-446
-3
276
-448
16
-250
50
-348
109
400
65
461
-41
79
-419
145
16
-182
174
-93
-217
188
374
-174
362
-313
485
451
-185
-96
-343
-468
387
-149
-277
-250
83
259
472
439
5
260
24
-15
-239
-311
-349
440
-427
-296
-330
-196
483
368
387
288
57
-381
-258
289
4
-78
378
-88
107
7
429
-348
157
-366
-22
-434
-201
159
209
453
-47
-64
48
-227
-35
-90
436
374
-154
-135
-392
-255
-383
49
-361
-303
32
330
-18
-234
-290
15
-261
317
128
91
-20
111
258
-493
-162
24
-162
273
-411
-231
-330
-425
-134
-5
193
-281
-440
115
-51
-315
-403
405
-192
-244
-184
303
-220
-104
469
-115
-203
374
-286
339
96
-48
491
64
-130
286
281
-326
314
354
37
443
-364
382
-305
-485
374
-400
485
48
-269
427
-420
49
-182
16
-371
458
-275
383
-61
480
400
299
341
498
-179
158
-177
-332
109
76
307
-213
-373
-161
463
-368
18
-246
13
-468
-168
-289
332
-203
469
418
311
-356
-225
-117
-155
49
-150
32
-39
353
-124
-51
262
395
-31
5
443
25
-376
-354
-126
203
198
-437
-234
442
431
312
-246
-422
18
117
286
-127
-283
191
384
184
-129
-317
409
218
252
-31
236
272
379
214
-30
326
322
-222
-411
286
-24
-400
362
-272
-148
109
254
137
-269
298
190
-112
-140
216
-237
-89
105
194
107
78
266
-137
-67
153
122
134
73
-323
-78
-263
40
76
-340
109
233
-200
373
19
109
-274
-121
42
-153
406
-402
-45
20
-85
389
-305
-379
-120
339
-190
309
178
370
-124
-83
-252
198
425
-416
-76
202
426
-384
-332
-183
-170
484
422
65
-376
-74
-132
424
-488
66
-144
443
-348
114
-48
200
-289
-63
-37
-255
275
40
99
462
-304
-149
294
-16
-416
-320
427
-179
-203
-425
-369
-153
-7
-48
-156
-191
37
406
429
472
51
307
311
192
-227
-254
-296
238
98
408
296
-213
437
-163
40
-211
-426
-67
-3
250
-375
-325
-409
-473
-348
260
-479
475
90
-281
-271
219
-8
432
-44
-240
184
-89
-126
-99
442
117
330
-334
228
-48
105
193
-52
-123
-305
14
426
-81
-164
-25
-37
-25
232
285
473
456
-100
-190
-272
247
-174
65
-363
-150
-323
-132
315
-225
-14
-5
343
64
109
93
66
457
-99
-338
166
489
162
-348
276
-23
82
-275
489
366
-92
478
-296
396
455
-357
-222
109
465
360
-28
28
-411
33
142
496
-355
390
-408
46
20
483
-247
-124
-46
450
-366
182
281
-175
112
-155
143
-117
-330
-413
65
90
486
-22
-195
104
-449
336
-499
-151
-180
76
350
-373
-356
28
180
-231
-330
196
-224
85
-84
402
-431
-192
-358
433
-460
386
90
235
31
434
218
-384
429
114
-389
-95
68
429
54
131
-166
-328
430
-25
28
320
-89
-187
-172
29
-316
-379
409
308
168
475
455
89
365
-344
73
-138
-367
177
-126
-98
328
325
-283
-198
72
-284
-475
411
486
232
-418
218
195
321
100
261
393
-164
-219
126
34
316
-281
-348
480
-325
449
-180
-437
-463
-418
-465
309
-487
-491
-317
-20
-33
358
68
459
234
434
50
414
-407
235
143
-500
-70
240
14
18
-60
426
-212
19
292
358
322
352
-103
-100
-130
-373
-89
-86
-372
-149
478
-59
-459
-134
-29
90
263
79
28
-110
-278
357
94
469
45
-396
-192
211
-31
400
-335
408
-432
461
165
-117
52
308
-416
110
395
-482
-459
-237
36
-48
127
466
-442
18
-497
-48
-108
194
-132
484
-309
113
158
257
-487
62
-259
-171
-455
-306
322
500
208
-453
497
366
401
73
-329
251
132
427
341
-90
285
247
-248
-35
440
295
423
-242
140
382
143
-282
445
-165
305
80
-150
195
72
-353
-217
-448
-308
-463
3
415
-477
-419
405
-206
-338
298
111
384
-222
-194
384
-78
-330
-139
385
-476
250
282
-477
362
272
-301
153
-65
421
312
400
496
-430
-60
188
-174
429
90
442
219
-112
-97
204
-138
-420
429
339
48
59
-82
-142
183
-210
476
-225
-365
213
100
122
-41
-188
360
-393
294
14
198
-130
225
153
-490
394
214
-316
23
51
-478
-32
264
245
-376
433
-413
-453
-401
-337
483
-245
-338
-9
497
-424
298
312
-380
-120
314
-327
-113
363
-385
-404
430
-62
209
-128
-131
-180
6
490
48
-140
161
86
246
287
-147
-496
-339
-344
-128
253
22
186
-423
-412
286
-331
18
220
364
-393
-196
86
-446
82
-400
331
266
-448
-193
158
411
424
404
-191
148
-277
472
379
292
490
-294
112
-338
-247
-418
8
392
256
74
63
-30
65
-202
419
403
184
-229
254
-353
97
404
-98
35
92
-300
-329
494
331
-337
-187
-157
435
165
-451
-188
-287
-151
388
-238
293
-133
-367
-14
-320
445
-89
-377
-486
-211
59
484
490
-230
319
356
-5
231
114
-68
94
-440
-112
205
-358
34
313
-261
151
180
459
-80
23
334
-55
69
-413
-330
-326
-122
-449
-99
172
65
350
-291
279
271
180
-437
-6
-382
15
-443
246
-23
-220
-456
481
-213
264
-139
-372
343
-14
286
-286
-438
379
140
-445
-319
-284
54
294
95
-269
-99
-142
192
-222
174
-144
-307
-491
147
108
98
239
-155
-417
-90
-482
-325
-130
-277
493
357
-62
-158
-110
487
-270
-109
-236
41
-13
-338
319
-116
179
298
-343
-306
318
456
269
145
-26
46
17
-413
-217
22
-413
-483
-30
261
435
-277
31
-179
174
336
-77
460
-468
121
-123
-220
-280
-126
482
183
453
167
191
281
169
-64
-498
-338
396
150
-100
54
71
-190
-65
467
-331
-499
-480
386
-396
393
472
-358
188
-386
376
168
118
498
-229
199
-97
-80
-476
224
413
-264
347
-252
-128
-322
-77
449
-346
377
-409
-133
-272
-82
-177
119
-422
474
2
-303
-363
-132
113
-134
25
-32
86
-440
376
-105
-326
-142
-105
-17
-340
236
-443
141
-446
14
285
-405
209
227
-364
137
-55
438
-392
266
-273
-434
-367
-270
349
284
-328
-4
-32
-121
62
85
-35
-276
476
-158
-42
-463
166
-221
-16
-149
193
-380
-383
119
257
-61
225
217
-377
449
466
327
-145
-147
-52
3
-447
467
382
-273
-288
430
-169
-214
-21
-464
74
118
-338
378
59
133
-262
-333
-184
-282
438
-483
-358
-152
358
-365
406
150
-246
-131
407
309
-362
-311
-245
-16
-304
288
-195
39
-55
485
385
-203
-161
435
-97
-234
384
-3
-137
-310
18
-101
-37
-265
-42
-52
383
58
-87
110
-235
141
-388
-246
-162
-464
-153
-392
-204
-281
-406
172
86
-332
-221
355
284
74
-139
196
375
-481
-224
217
28
172
330
221
72
-87
492
249
437
447
-142
-377
-302
44
-228
453
258
-188
-467
2
-460
-332
29
-227
402
-41
-316
59
-274
-144
-363
-257
-220
207
-352
-226
296
-262
137
290
-162
81
248
-96
-242
-24
-335
225
-224
241
-140
385
23
-259
-135
-196
379
274
-417
149
-108
-263
452
496
-419
-250
-203
-493
-281
383
300
-211
-356
306
352
430
126
-401
-179
252
-133
-156
136
-60
401
331
-21
-379
24
-147
138
-335
268
-340
132
-44
92
-100
-348
-143
-100
449
-14
496
-11
-414
-218
-411
484
432
-342
380
175
160
-137
271
-275
-357
46
325
-495
-205
-486
-197
366
-85
-104
140
443
301
-101
-316
291
-163
25
393
-225
-231
-212
180
-56
285
-228
437
-222
-250
309
-198
-238
436
347
282
-425
-281
-439
214
224
153
422
-122
-326
466
-437
-235
-23
-437
498
-440
230
-58
-181
162
270
357
-403
334
-349
364
462
-459
267
353
114
186
14
-11
-15
-99
487
475
433
118
108
66
-79
-54
421
111
-200
376
-39
407
-59
-338
-460
434
120
-174
-33
-297
-265
458
-256
-218
364
-168
480
-455
-79
82
-104
-432
-68
-451
-345
-212
-96
-294
238
-307
-105
3
-48
122
-250
-166
220
-77
201
-387
-273
-154
268
221
-459
-107
-2
-148
-68
176
473
171
-437
-478
-274
183
-462
416
-284
-236
-164
306
-452
214
-221
336
-229
-385
-253
303
-226
73
-323
417
-124
-349
495
-451
106
-465
52
20
306
446
-266
-84
234
-178
-143
-162
248
-52
-163
-188
166
-95
-452
-498
19
315
191
275
54
480
-48
-462
150
-36
16
-81
-376
-399
291
84
339
94
-297
454
321
45
74
-163
-20
-36
-422
-217
292
-124
-11
-391
106
379
353
252
-264
42
303
-61
402
-358
212
-120
-189
-85
-451
48
-460
459
257
-486
-6
-358
231
130
-14
457
-61
-228
-320
449
288
326
-422
60
-493
-200
72
-306
476
435
423
213
467
233
253
-56
-177
287
-165
277
-391
155
33
265
-396
-497
90
-302
-150
-343
215
442
278
-489
74
99
241
427
214
-281
-390
427
486
-36
-262
37
276
367
-206
495
121
-244
346
-134
-362
168
192
-231
-322
312
-145
60
327
473
-282
312
60
-263
227
464
-311
-339
-226
-179
-337
130
339
-401
-115
198
340
-298
65
-305
456
379
400
-268
-286
172
-436
103
490
-441
-377
-500
-147
117
-358
2
190
80
-97
214
293
5
-187
-4
-111
280
81
205
-77
439
242
247
320
20
173
-299
119
193
410
-481
-139
8
-40
-447
-32
49
325
204
-121
-61
457
258
-162
381
-146
92
121
-5
-312
276
336
116
-120
305
-43
34
225
74
241
458
315
-171
149
-95
126
303
195
122
238
54
292
-279
-378
403
-306
4
-410
-55
-350
-18
20
437
-240
-27
484
-257
168
-292
-388
-163
-56
-313
342
24
-17
-167
-362
-249
-160
78
-357
419
-370
-70
406
-450
400
426
-130
433
-490
-182
201
452
207
-4
-365
88
-134
-492
-391
500
204
32
373
480
63
-214
92
-124
196
-361
-49
294
-107
221
226
-287
144
263
-283
-380
402
-108
258
-291
358
-13
100
88
-91
203
28
246
-308
-189
-249
-435
-160
-144
273
371
-86
36
-189
-391
432
-96
83
132
349
480
-387
247
-457
465
-324
359
219
94
18
187
77
410
-124
-49
361
-68
-443
294
205
127
-94
437
380
-220
15
348
-189
250
298
284
-326
405
166
-167
456
398
-279
361
-366
-55
487
471
-159
-488
18
114
122
-112
216
157
-72
-220
389
-7
161
-134
-464
-324
-324
78
82
-186
-209
491
76
-94
-202
496
-394
-344
-65
203
-82
-151
337
-248
419
123
-231
-51
261
-453
458
52
452
407
-373
-44
136
-360
422
-392
40
-468
128
-76
163
-349
-477
473
296
444
-489
122
-181
97
-88
444
-2
397
-429
16
-1
213
265
-406
-65
228
-337
177
-330
120
261
-43
474
392
411
494
272
-389
-391
96
143
8
172
-496
-458
-418
-179
482
-399
54
280
-221
-254
-87
-403
-99
-5
-24
-291
-177
-135
-467
54
464
321
-263
-65
151
92
-463
419
-39
167
-100
81
206
-370
-28
120
376
9
-40
-121
-392
-427
206
415
-269
-307
40
144
-103
-417
-436
-122
477
-449
-203
-205
-281
-449
477
232
-446
-113
425
229
-268
-158
-182
14
-408
173
-31
206
9
-299
18
-231
68
447
99
-20
321
-70
-456
-160
45
474
-210
-388
-334
-204
215
313
277
274
436
242
471
259
395
289
251
16
442
179
88
126
316
84
-199
467
-151
-390
-20
-47
66
354
99
276
-272
316
336
161
-380
-242
-102
-212
418
-374
250
352
257
-131
75
395
361
-205
-151
347
-109
-108
-297
463
-420
152
-258
-484
-210
-369
22
131
473
78
-201
154
12
20
79
23
319
-168
-178
-90
266
172
221
169
-138
-317
170
147
-231
-489
149
-308
186
43
126
-251
91
178
224
5
92
199
292
442
-11
331
-442
-126
-113
-491
-301
-130
163
202
153
-247
-27
6
290
340
378
-459
308
-448
253
160
-179
444
95
-227
-351
492
418
195
-445
-8
204
142
-51
-433
27
-357
-380
46
445
222
244
-173
-210
369
-401
476
-342
-117
207
-196
-140
-438
-352
494
255
-92
428
160
-131
-291
-403
136
-384
136
-300
324
383
460
-245
30
168
-498
-385
-232
-185
-46
-289
-332
-432
263
-299
-172
-347
-414
-83
90
65
-345
244
-463
99
-16
188
60
-315
352
-408
-293
153
-345
-150
486
-21
163
407
-193
-133
-393
55
440
275
481
-314
436
480
202
-214
-343
-18
-499
130
-430
399
82
276
-322
-313
233
-76
-92
-449
184
-480
-397
31
422
-86
423
173
-438
26
499
62
-464
-399
-193
348
9
402
325
300
-94
96
-370
20
217
-67
-384
-446
266
401
191
-334
-76
-105
169
145
290
-278
-10
467
-343
-442
-161
72
231
385
221
-121
454
-196
-130
384
81
-80
-458
-316
79
27
-144
-166
71
-296
269
88
-142
345
124
-191
-389
294
316
-148
366
-133
-272
383
349
-134
-94
-340
-5
-6
-412
-331
466
-148
233
175
-469
107
-106
82
168
-72
437
497
95
-68
-200
308
-23
446
251
-354
-427
459
-450
-487
-255
-380
-469
132
-379
-71
-99
243
-334
-377
-309
-303
-191
268
-301
259
-312
-247
14
344
77
471
-292
-297
-402
-209
-404
-446
-273
-235
-468
128
130
59
-252
37
317
-4
-221
233
-474
333
454
470
-492
-299
197
238
300
470
-199
-380
-13
123
-184
356
-298
-33
466
-476
207
416
200
-230
450
-52
-206
164
-314
452
142
154
495
-189
189
-418
439
300
-487
-139
229
-85
121
-153
34
-432
-411
-113
272
366
466
356
117
-43
-184
-39
371
-346
371
425
102
78
-441
-418
-492
173
66
-362
-184
285
86
279
447
-447
122
221
-228
236
-490
-381
437
-438
-81
185
205
131
293
247
-34
-56
-65
378
76
-461
-267
46
-394
206
284
239
359
278
-279
-390
217
467
222
75
458
-363
-377
428
392
-245
-24
162
353
33
-463
443
-368
461
-254
-387
-71
-436
157
218
-497
222
-446
402
322
430
357
463
-282
313
-460
-247
-449
-477
-46
-152
-157
62
-257
401
-398
362
203
479
248
20
-491
237
449
-43
408
-37
-68
-166
62
-402
397
214
-87
-85
483
-41
371
412
491
313
149
462
-447
-40
-194
468
-203
-191
372
124
380
-327
-441
-69
192
330
231
56
-419
-186
-36
-203
-334
29
-168
-59
-315
297
123
188
248
-154
308
-157
-305
339
495
-80
435
-34
-259
-149
-477
329
-312
-414
-33
-38
277
-66
-36
422
-446
-359
108
482
483
-440
76
60
284
447
40
157
178
-397
-127
243
-318
-451
493
292
62
-435
-499
25
467
99
-454
321
-477
-344
-34
-174
187
-278
-56
-154
-300
-254
82
81
-249
-54
-434
333
91
-13
-262
-476
311
127
322
484
-369
-419
16
498
179
-466
-425
23
-475
-139
-223
-185
-367
400
-91
309
120
-409
-227
399
457
18
164
-396
-76
-374
149
-332
-369
-204
114
-418
-240
369
233
372
-132
71
429
433
-2
303
-364
-166
-364
192
382
-211
-435
-88
-346
357
348
272
394
-280
10
-45
216
-105
-80
57
405
83
345
-7
-129
168
290
252
-142
-78
-114
-24
332
-408
425
372
230
170
-124
-265
39
229
371
12
-12
-164
-210
-454
-316
452
-325
71
-278
-129
416
154
326
283
-364
209
383
500
-59
134
315
-116
-409
-193
-425
87
215
-295
-124
-237
371
362
318
345
315
251
-64
268
52
158
282
-317
485
-37
-189
96
-219
313
-319
-412
-136
-262
-29
-170
-490
58
72
268
-486
165
-79
234
217
-334
-204
-168
408
38
459
-18
35
-220
-449
162
293
109
86
168
389
-336
-246
-431
-433
91
175
-340
-183
-314
-48
65
301
-211
16
187
379
-496
-26
279
394
350
-477
-277
-249
-290
65
136
28
251
-225
448
-460
229
369
-444
376
330
482
-12
-197
27
155
-126
-9
226
-313
-336
116
-258
71
-246
494
-299
182
206
111
-139
396
448
140
-137
347
225
37
446
-184
-54
-268
153
162
327
91
37
230
390
158
-322
-499
-467
-29
142
-104
-389
46
-320
-400
-479
112
-477
500
211
-392
-162
79
-425
-40
-319
-260
-14
249
13
-479
138
-7
-431
-480
-163
174
261
451
-359
250
-133
-385
-316
-480
281
320
48
32
331
-120
382
317
-44
327
258
-80
86
37
98
-229
474
-297
-374
499
-340
-197
-410
-364
280
-356
-267
427
401
253
479
377
29
-473
1
106
89
62
315
453
-115
132
245
-233
-22
143
466
-452
192
397
-395
-33
304
-483
-19
214
-243
15
403
-132
232
424
-293
193
299
-176
-91
-177
303
-14
94
-455
71
324
217
397
229
147
-196
5
427
-188
-389
412
-23
12
-151
453
-437
195
-231
-102
412
-479
-87
101
-163
31
-153
242
-367
292
-220
-239
-20
310
-25
208
160
-43
-169
-260
432
382
-232
-259
-377
-115
-294
253
286
-62
474
245
-455
379
-432
-455
428
447
-460
-256
255
433
-223
-360
-249
317
-191
-355
-349
-269
372
-143
60
-458
-295
-356
-83
97
475
313
-378
-445
-191
215
-33
320
207
203
52
-286
373
-395
430
261
448
-127
203
-394
370
-433
91
306
215
-63
168
112
-489
-497
497
322
331
269
-19
-426
270
290
111
-157
104
-91
68
-312
-209
475
-65
149
244
428
80
150
212
210
34
148
-86
-409
-440
-210
-28
-353
-481
-488
-419
487
269
-347
75
-302
-423
246
-187
-162
-374
275
55
-494
-130
259
-396
-46
-381
143
449
64
394
379
-463
-208
411
237
110
-500
-211
287
-4
269
226
339
-357
45
212
331
-463
-10
21
-338
-476
370
-96
-292
-489
-483
-472
388
224
79
356
110
448
-192
366
-98
367
28
123
61
-379
-325
364
-178
-145
22
165
-319
-251
-80
-39
-457
144
367
303
377
-470
-31
413
-419
-464
57
-73
241
385
439
497
329
-380
-406
-123
362
-483
424
100
452
-284
-193
383
179
253
-191
-12
-389
214
73
77
428
-327
454
194
490
414
-334
114
-65
129
116
-274
-32
299
-324
38
433
103
290
292
274
-461
-3
-119
-441
-321
-387
-59
82
21
231
-156
-423
51
-54
491
48
434
-25
-117
298
20
-32
-102
-436
-19
-182
-331
-432
316
223
312
257
-321
297
246
-375
279
344
21
3
-446
-212
287
-156
-128
408
148
-185
445
406
-76
456
188
234
-78
-246
-420
298
-100
309
-331
-167
381
448
332
16
134
260
270
28
230
370
-231
-356
121
-58
381
-431
75
87
231
-313
73
-186
67
-190
487
-445
-227
47
466
-299
329
-107
108
-310
296
-203
195
211
101
57
-460
-303
-302
34
453
113
62
-184
-413
7
-115
-77
97
70
-188
-284
-127
-334
435
195
200
168
27
429
345
147
144
-268
-11
437
-463
-347
-306
-17
-47
-128
-19
7
-147
484
370
-450
-355
-254
54
-64
-410
105
-89
-455
-333
-382
377
397
-323
14
-11
206
181
230
-149
250
-202
274
476
-427
311
160
-197
-211
-436
-212
188
311
376
-102
-333
83
-207
326
-84
490
61
-81
204
277
-15
85
-405
71
436
-304
24
304
-242
-412
382
219
50
200
91
392
-464
308
373
148
51
78
-338
305
-11
-404
117
-335
-422
-419
-10
117
287
340
-303
467
438
-427
425
-354
446
327
-380
-228
195
-313
-456
176
-354
-401
-3
8
411
215
164
-270
-326
-172
-257
6
45
154
247
242
-345
-255
9
287
196
-254
71
-469
119
-101
39
-326
-424
83
-309
270
-467
-500
287
395
289
-343
171
255
451
164
460
73
468
-53
480
429
347
422
-215
116
-464
362
-269
-423
-470
-209
74
312
-437
317
187
-363
-173
166
101
390
-239
198
-366
-226
206
265
216
-321
-441
-69
-382
159
-216
442
105
380
82
-350
198
-284
10
-184
-125
-378
-142
192
-378
78
-175
-410
351
122
367
380
-46
-468
-211
-280
155
-400
103
-319
442
74
-416
395
273
-198
-487
-204
-241
-88
322
286
24
-273
-277
-108
-488
-333
165
-170
243
76
-446
262
-451
138
216
249
-109
-366
112
102
-154
3
162
-255
41
133
110
172
-243
332
232
-198
101
-225
-36
312
-262
7
487
326
-92
12
-354
-261
-492
-55
-173
64
315
485
115
39
110
-299
-307
-123
84
-98
318
33
451
-33
-340
-396
-385
4
176
-376
89
-381
298
-292
138
318
248
265
-438
322
394
-430
97
278
477
-57
-327
459
-441
6
-140
34
173
86
-96
386
124
268
-249
-491
-198
-289
-485
-149
498
-4
-476
-26
-335
-258
18
-420
-458
-361
-232
432
399
-454
468
-309
256
103
-349
-380
-239
-114
280
-397
-221
445
109
382
-95
392
-438
-27
-12
-426
257
44
443
-251
-192
-461
405
364
-280
-21
82
437
-112
213
-93
-484
444
-344
186
-109
241
-289
-474
-159
398
-127
92
-498
-26
-327
-349
467
339
179
-404
401
-357
-290
340
83
-129
-216
-273
-424
423
-417
61
64
193
-423
-30
241
11
-217
479
88
-9
327
16
-79
500
209
-379
458
-14
168
-203
429
-438
-64
444
-23
454
233
98
408
-307
-156
-389
-257
494
446
-332
409
20
185
123
-415
-56
-46
-459
250
70
451
20
-360
-131
209
179
-231
-88
161
-123
-287
-223
332
-285
-448
488
311
-105
-20
-475
-196
-344
351
343
-142
87
144
259
492
-57
397
-337
-50
377
-176
297
5
-298
72
-367
-106
140
-264
225
442
195
325
-45
473
444
-273
-19
380
133
458
163
-454
312
-201
-473
-316
-480
-198
-14
-444
318
-197
494
-153
-26
-126
-173
-491
296
-19
333
434
475
-335
301
446
-495
-454
218
-114
-216
-432
317
372
-114
380
225
258
-444
-189
-371
-362
276
354
422
237
-206
-25
-91
135
-287
-149
-326
211
499
14
33
236
192
-301
-56
-251
205
285
172
499
432
-469
54
-28
-78
-422
-417
-418
-246
-222
255
63
247
255
266
376
-401
455
23
6
-23
210
83
-49
345
129
-242
-60
39
407
68
500
126
421
-437
249
353
400
85
264
218
29
85
-447
-402
426
135
437
380
409
284
-276
-115
-73
-123
129
230
-298
245
-437
-97
116
-288
-491
-410
484
-56
330
-434
370
-239
396
155
-282
437
-45
-80
-264
212
34
-153
-314
-276
-379
-45
-265
245
-252
353
-298
251
323
2
-196
-340
-334
246
-200
-290
-230
326
118
-154
469
-402
295
-108
-482
-203
-323
-407
-34
-304
-173
-311
428
-395
-206
-415
-54
440
468
-466
157
-128
209
-135
-186
475
32
260
422
-5
-203
301
235
-105
-288
-152
238
424
313
-189
496
-356
-449
-486
270
497
409
228
-38
346
402
270
-277
-86
-251
87
-438
274
58
256
249
299
-50
-300
-358
-413
143
-399
376
7
-258
-373
-37
-81
-405
421
-89
-311
-244
-226
-256
-361
321
316
-242
322
417
-195
340
47
-111
398
-186
-338
319
-30
-201
472
-149
217
111
-390
-232
-480
-358
-315
494
-169
-420
-108
-70
-313
28
292
-72
-66
-46
210
39
-347
216
-365
-373
-388
40
31
-132
380
-128
-334
-179
382
-354
-1
281
288
9
-206
187
-173
-87
-336
-47
-377
-386
-373
-109
289
345
355
-137
-122
-295
26
419
-207
-403
-224
258
-122
-310
208
249
381
-286
-219
377
68
-166
-152
-293
90
-401
143
-413
301
-259
-140
-5
-100
256
212
-158
304
373
409
-313
359
-311
-371
-267
-445
-179
-33
-105
-473
451
-493
-464
432
251
1
-339
277
-362
-373
-317
153
402
-178
-317
-367
334
375
155
133
147
-469
493
-134
391
-482
-323
-203
-319
230
-29
-402
455
160
-83
15
-426
214
228
272
-353
326
-387
-398
-408
-340
223
-299
-18
287
-250
330
-284
-93
-391
129
-117
418
-482
209
443
-326
-289
-343
82
-406
431
-5
-279
-226
-461
412
-309
82
145
180
-337
-254
-129
-431
-226
41
-72
-370
143
-19
-449
181
260
48
52
-493
233
-14
341
72
-280
-222
157
-201
186
-403
-151
-392
346
315
167
286
52
260
242
459
-443
-373
-272
-399
293
93
384
353
-424
-126
-474
489
-209
-419
79
472
-58
120
417
-287
-318
153
-363
-430
174
-375
-465
173
-111
-124
-468
-211
-440
353
348
-66
-18
-367
225
165
351
-45
403
-489
-308
-203
208
300
-243
-3
-292
-257
288
-188
-419
410
392
84
171
-307
185
-254
422
-39
-205
-255
111
-304
134
411
-344
321
-274
29
478
423
-345
-54
228
-430
135
-428
-195
-144
223
-380
-374
-302
-106
91
-166
-245
-189
276
392
-348
-389
272
-6
411
-469
296
491
-489
-428
-179
-92
103
222
196
-84
-139
319
56
325
53
256
136
-446
-343
203
-466
444
-75
-447
277
-315
2
-325
-457
-23
-444
358
-26
202
177
388
-200
212
496
-46
188
188
-493
-247
163
459
-49
184
-121
441
291
439
160
-265
-309
428
170
-186
-129
111
202
-396
-386
-323
-465
302
93
-246
391
-407
-319
195
451
150
-313
369
-329
264
-344
-220
351
-64
262
194
-318
-352
-436
-125
427
464
-34
253
96
-76
103
248
316
395
-120
-230
190
-75
-127
-10
-474
292
-306
-369
60
341
-240
-116
-399
-133
-100
456
444
-414
-229
123
-397
209
-458
-103
-22
180
31
317
306
447
311
194
432
-324
-30
362
360
-129
147
-335
-174
-430
-310
-133
-194
-20
-482
-259
321
-74
29
277
5
206
-136
-320
54
-14
494
-478
-226
193
-211
122
-35
-381
-130
-452
-63
-287
-197
-7
-355
-113
166
-37
87
-99
182
-329
-415
-280
-367
-180
389
127
-72
-336
153
276
37
210
-42
422
-29
-439
459
-488
449
-255
134
423
-14
132
-206
484
-218
-366
2
482
-37
473
138
321
-128
-424
456
466
105
-136
3
-52
-312
480
204
343
-382
235
-275
-106
131
-163
-376
-55
224
-290
-309
448
-258
434
389
202
92
288
492
269
-423
208
58
278
453
-9
408
383
-383
127
93
41
-265
50
222
378
-249
-441
348
-88
285
-61
-52
358
259
206
313
-36
-74
-333
403
-439
-295
457
-98
-441
141
-75
-445
128
-417
55
-79
-306
-175
-447
-348
229
-265
-283
231
-244
225
64
-252
-374
-24
397
-19
-254
-341
-271
-85
329
185
-211
335
286
-274
229
-41
-193
-31
-165
-292
242
-118
-321
-12
-53
-261
111
-218
155
246
16
486
-349
-298
-64
-432
223
-317
-253
192
24
68
-46
30
-277
84
60
-1
84
423
-389
453
-404
153
-97
461
-296
-254
313
42
-58
-382
-193
26
181
424
-302
180
-145
361
-176
362
349
-312
-398
251
477
-72
-14
-446
-45
264
245
51
275
131
232
421
-107
-241
-86
460
-123
-232
-128
-331
-47
-18
37
-181
479
262
-304
-290
416
-415
-21
63
-405
279
-471
-205
-203
-308
-291
51
299
479
-495
12
298
410
300
460
-266
-237
-347
253
-164
-288
47
223
150
-447
-469
54
385
84
-436
-389
-282
-437
-67
-177
-248
185
302
140
108
-95
-45
-343
111
114
-471
-247
127
-380
-373
-424
-20
-415
15
-271
-141
199
-13
-116
-468
-170
230
190
100
-50
125
92
-81
-464
-61
-218
-99
388
-458
-235
231
364
320
-317
122
392
-339
389
490
14
-86
-252
-147
-296
-141
-30
434
332
445
-174
-14
-312
49
-271
-53
88
-15
323
-478
-265
-149
491
-186
337
-470
-198
75
-335
-210
-161
389
-400
88
-64
-342
185
122
-73
496
439
419
-449
145
117
388
116
27
-179
-238
-180
-70
71
-39
-500
-53
500
74
465
-232
-71
-359
-395
201
-499
316
-19
43
-77
-232
-116
14
-255
-64
-305
301
414
-61
44
382
-201
-221
-82
307
-345
-235
322
-76
-335
-297
-435
-14
257
-156
336
-343
-234
-255
327
-474
-100
-130
456
-498
345
430
391
126
-18
447
319
390
-352
-368
-205
349
50
226
-184
-296
-17
-306
169
55
-214
-40
-291
85
-73
320
294
-81
146
349
29
-357
-370
-453
-94
-225
8
340
193
441
377
42
-428
-14
-428
403
7
2
422
414
-461
-323
403
-267
-87
-360
467
135
24
-469
11
408
-131
393
-363
67
445
292
52
-442
-265
103
-203
-126
-386
-177
465
-413
-493
146
112
-178
-103
404
-28
293
147
24
132
-75
-243
413
-336
302
130
183
-161
299
331
-417
47
-150
-105
-42
-322
-253
-368
-271
-490
-31
-20
-362
-75
-443
362
262
69
101
-84
-409
259
-470
-326
-329
313
435
73
12
-455
51
314
224
224
54
468
214
-123
-353
423
-263
-41
-68
-492
-260
34
262
124
229
310
155
244
3
51
315
36
-209
-275
189
356
213
260
237
460
231
247
45
254
-358
402
-277
250
13
-262
-291
-150
-7
478
-293
209
-205
408
-446
-297
465
-475
-134
-227
-249
347
-106
42
-406
-356
-455
-220
-19
-409
289
-266
402
-494
-465
-181
-208
-251
24
425
311
126
344
425
474
326
38
-15
332
-475
229
-8
184
249
-51
-135
454
127
107
-159
-385
343
75
363
366
201
-493
-30
-468
383
-452
-380
279
-202
58
465
344
365
164
-323
-65
-124
-233
-233
-432
-218
133
-289
104
296
-350
104
-67
111
-195
260
458
316
-36
-390
164
-351
204
-208
128
-468
263
-171
39
60
-215
493
-202
362
-357
205
-358
-318
-194
-368
28
299
406
119
251
-178
498
-138
-478
438
251
-356
-198
-169
198
-212
-372
-15
480
-221
-312
196
68
9
-333
380
-88
-192
409
175
-397
331
397
44
478
107
162
98
-137
-274
51
-53
-389
-423
104
-403
484
-268
79
257
-75
345
-167
464
49
-272
-391
238
68
-76
-257
172
-212
121
250
346
241
-59
133
-210
-261
280
-306
-430
177
-45
484
-174
-155
485
171
228
20
319
-310
-334
-10
-220
130
-188
154
-239
-449
332
-206
8
146
-288
-21
-318
135
-400
-264
-458
268
-199
377
58
349
429
-205
430
170
-15
-324
21
483
102
-40
-139
205
229
-274
407
-176
176
270
-231
323
-131
-78
-105
-72
-306
-267
418
281
-53
-433
176
-294
488
-457
-4
463
-427
-286
-100
238
468
-351
475
-32
-186
486
72
213
-344
-277
449
-482
280
406
124
-285
-147
-477
-266
-148
472
-312
-414
-102
193
105
-118
-16
353
276
64
-68
-196
-331
52
413
-112
-66
-249
-281
45
82
-471
-58
17
300
-395
290
-412
-52
98
487
-188
-233
218
-377
399
424
55
194
-315
151
-360
299
61
234
-314
-367
-272
-438
114
252
-272
-383
157
-398
68
-181
489
198
-329
208
-152
-145
174
-412
396
-299
-338
-494
257
466
439
-252
125
477
381
-97
-258
-454
322
218
-29
-386
198
361
270
278
-472
-136
-477
-51
295
-389
-387
483
-209
-427
-216
104
191
366
292
-168
171
360
-415
5
-56
261
236
-152
443
-182
-389
70
-250
39
-78
-304
-10
-397
73
132
-295
71
-135
-475
-300
-235
-441
268
-240
231
13
-67
-198
445
364
-399
-469
189
-191
-181
319
179
220
450
252
-277
214
286
305
-181
-308
-327
49
-381
-179
-230
477
257
-354
-155
-386
370
-273
-11
-386
-246
-271
-470
88
58
411
263
195
-83
-225
-153
-169
-209
177
-19
-411
256
-337
-1
76
-189
345
374
-470
88
-194
-304
263
-303
233
2
-85
325
483
345
-383
-44
-484
267
373
148
-95
428
464
-296
-51
339
-56
-57
-488
97
434
-98
57
371
219
-496
469
170
154
129
-264
340
131
358
-297
489
-94
-147
-451
-81
-35
-482
-500
-437
-117
-357
33
-199
-93
-282
10
119
-357
254
283
475
411
321
107
63
-322
103
116
17
-357
97
69
-469
481
-232
56
-80
163
376
158
492
357
-333
395
180
148
117
-491
-141
307
234
79
330
-213
-9
143
-349
95
-472
30
-240
-428
393
441
-388
-406
-111
434
224
-145
-17
234
287
46
316
-410
-253
411
-255
179
-100
-263
-68
-150
343
24
81
225
84
126
346
-455
-372
244
-217
268
7
-26
-228
-365
-469
430
-145
-417
-424
-128
77
-368
448
-74
-34
480
-372
-114
-181
170
-366
-200
-253
-237
-158
446
-446
182
425
57
97
-499
43
-68
-90
-373
336
-464
-188
-264
66
-79
-23
404
16
406
-497
82
-16
-263
-386
-60
-208
-309
225
-240
282
301
79
-251
-165
-207
-60
200
-437
180
97
-43
263
199
424
278
-256
-10
282
428
415
-107
422
49
269
-180
468
-169
-74
219
306
204
-74
-395
472
301
457
361
213
236
139
346
-138
-338
-382
-209
-52
248
-124
-479
-465
482
186
300
253
-379
451
-497
-239
298
-390
-308
418
-65
-199
-136
-323
-85
-460
406
-420
103
9
-458
-434
368
262
-264
-232
220
372
93
-473
-201
62
-145
390
-351
347
145
63
-102
188
2
193
-348
-76
257
-117
480
-63
-158
371
-349
-316
497
4
-201
-463
-110
-424
219
397
47
-432
-190
150
446
-357
238
-286
-50
332
-481
453
-450
47
-374
143
456
-446
-69
-494
-116
307
21
-87
-382
320
212
453
-148
329
-442
441
46
43
-482
-127
-385
451
26
-475
456
270
-66
-329
-221
-234
-128
-60
-61
-287
-137
141
-348
-426
128
280
-193
-250
271
-471
235
-155
379
-37
315
482
237
-472
-213
457
296
-424
286
-246
-252
-49
420
-350
416
238
-209
-181
341
-30
-48
395
223
332
-491
-65
-294
-229
-315
-12
-463
-460
-468
-117
292
-363
132
183
74
-362
-92
307
38
-99
113
-82
-359
-247
182
136
9
313
-255
495
10
393
-281
-487
235
-171
195
424
-293
-381
34
-447
-14
183
255
-96
33
366
189
132
437
271
-54
-185
365
-320
81
441
-26
-362
301
45
446
146
-263
57
-79
331
-23
-478
80
286
-64
-254
-350
-370
-72
484
-325
-150
-406
-287
34
-116
-132
-443
-391
-371
454
-44
238
454
328
326
-66
240
182
-456
-143
-272
165
-484
-443
9
478
-200
-464
-25
90
444
-325
-126
-209
-223
153
124
209
-372
-462
47
431
-154
399
-186
28
-142
312
359
-349
-371
-76
318
102
-435
-69
1
227
-394
-332
-113
208
212
-22
-39
152
372
-403
-11
-379
66
426
-447
-220
277
-418
412
-143
-144
-194
-35
90
73
95
-495
28
-421
126
105
206
398
-270
249
432
77
-73
-470
-18
-154
-125
-86
-208
-105
373
-180
-91
-202
386
272
341
443
461
75
454
-90
-376
-231
-181
417
-45
-132
-173
494
-283
376
-115
36
-230
-53
-338
-262
-317
296
327
-51
308
-6
15
39
266
420
232
455
66
-145
149
116
398
463
-123
-96
196
-409
-101
7
361
246
-382
-54
207
-350
105
320
-376
228
296
428
424
201
-284
-390
-134
-237
-335
463
-490
396
-277
-97
-497
151
147
-283
-414
95
-190
341
119
-339
369
494
113
452
104
-43
-371
-392
-271
-87
-158
-382
165
-171
300
-236
-311
-26
117
313
-24
320
49
-411
387
4
-179
391
107
-126
71
75
89
-304
-76
-425
-473
-494
-457
340
402
386
-229
422
337
-242
408
288
416
-201
208
-90
-371
-201
487
-169
384
-468
-330
449
-436
-74
7
339
452
-412
-165
-339
-84
-361
-80
-458
84
76
314
-80
-214
-93
-13
141
470
-123
-54
169
-1
-207
-59
-43
-89
-55
141
-152
286
-74
174
-263
-267
278
347
457
475
-427
-327
175
87
-317
-363
82
-212
-447
370
-29
-95
457
252
288
-77
-260
183
319
163
-496
-104
-174
233
-200
-330
-239
35
-365
110
-12
-366
91
-205
317
45
394
-390
-464
-188
-225
-392
441
159
212
457
-455
494
-371
-455
-66
1
148
27
-12
-274
-231
-200
-91
476
127
25
-255
-127
-217
-313
81
242
-202
338
-482
-450
-277
-384
8
169
-292
-215
-212
171
423
212
-295
231
221
-211
-180
-415
310
323
157
451
185
-495
7
-325
148
-433
489
-440
-232
-411
311
367
-123
-438
180
228
53
-260
-388
-490
-120
478
-86
317
68
-227
52
-499
-283
454
324
-326
404
-437
170
327
348
396
222
-249
439
168
70
-165
103
-314
300
-303
-225
-495
165
183
-125
-445
290
-136
-170
219
-470
91
-2
499
44
4
40
163
-319
215
424
-290
-353
442
-229
-261
-43
271
-256
345
70
69
-347
-312
-77
-109
-186
213
-323
-61
-314
249
173
-400
288
-229
92
465
28
104
-303
-105
110
27
472
-483
408
-142
-251
-9
-285
-394
34
315
-136
167
130
426
-89
171
-39
-346
385
27
-29
-172
272
-191
425
-367
-423
-498
-304
292
376
453
115
360
286
134
422
128
-371
499
323
355
-397
298
-276
-93
-50
-65
-343
164
-311
443
-103
-426
387
269
-288
-455
-476
386
340
402
22
55
391
-492
-15
433
-4
91
282
99
-482
-255
305
-209
-117
-35
-76
-2
307
167
428
-440
457
-321
-388
308
473
-328
201
-422
146
455
-45
188
450
174
453
-309
142
-148
-49
400
-16
-299
-262
-33
176
129
-444
72
170
-272
-359
-32
-209
-30
134
278
-156
-366
296
325
387
191
269
224
9
60
75
-367
271
40
326
54
394
398
-319
-160
-175
35
113
381
-253
488
32
111
251
-206
-468
57
180
50
176
-202
59
-294
-494
-294
-114
74
-136
-447
335
-463
413
-164
-473
-89
-422
500
26
152
-467
266
-226
226
24
-248
325
-160
-229
329
-36
351
208
437
-143
-253
-33
-190
357
120
87
238
76
148
220
6
394
212
-205
-335
236
-456
104
-27
60
-340
-13
-58
-475
-392
-182
449
-253
-177
308
-305
-97
311
-405
161
482
-112
79
-82
-375
246
-371
-132
-355
81
-318
204
145
-115
-351
15
277
-327
294
407
-382
-225
348
376
-164
364
341
-396
82
-35
287
-264
-175
-418
498
137
478
132
217
-27
465
361
458
291
-266
471
-374
-115
-325
-17
357
-202
14
159
-342
-110
76
111
-225
72
226
-43
-278
-148
-190
-424
-317
-380
460
-60
224
-107
138
-333
118
353
448
444
-53
-326
-255
-287
-376
-400
206
137
128
-229
460
-128
-467
422
376
138
456
169
-213
280
-122
-424
139
-256
303
31
46
-340
-138
426
-126
-440
-26
-291
-64
-328
-250
12
310
154
-252
-374
342
-310
476
-491
-298
182
39
63
-42
287
141
180
66
63
17
116
150
336
-160
226
257
281
380
396
233
-213
480
324
-224
363
-322
98
403
97
-260
19
-230
311
-142
-30
389
-248
133
-414
456
98
254
-249
-129
218
167
-405
36
-4
-423
-52
275
180
370
-265
370
103
-57
280
-195
74
234
257
194
447
-294
427
-298
-477
-199
-492
-103
-192
-445
344
-468
1
-396
471
-18
206
416
-381
-239
381
99
6
-467
-360
168
-50
-121
-337
-308
106
224
137
-445
-353
-375
-121
105
-173
-323
-481
236
-125
81
373
268
213
290
131
-366
417
-215
-213
162
390
417
475
-402
-9
61
370
359
-319
-432
382
432
38
-334
-465
135
480
-225
204
-54
-108
-92
442
59
98
209
287
-276
286
-74
-104
-104
-259
38
454
-174
-204
38
-215
-405
86
-291
253
-197
-175
288
477
361
-220
198
-489
235
-136
337
368
-162
355
326
-18
-145
-292
469
325
4
-228
-218
-72
408
-224
-57
-486
-45
171
447
-393
-379
-24
452
178
392
156
-122
-61
-434
274
376
208
99
290
-66
-137
366
-292
8
273
374
9
156
-25
-354
78
-57
149
-164
201
-121
172
497
304
-433
-405
5
302
-483
249
123
66
-112
-335
153
-4
372
-259
139
-373
-139
377
-190
-304
-3
-9
-379
-305
289
-265
174
214
-443
414
-35
152
-63
-317
206
-425
-173
335
-8
-41
278
238
74
497
-423
98
196
-130
278
11
67
192
-369
-291
165
174
137
394
-362
227
301
241
74
255
317
335
202
-123
-53
447
-244
-160
31
-90
444
176
-141
241
-287
67
-262
487
428
-33
23
197
99
146
-410
-21
53
-98
-113
408
334
3
-376
57
99
-283
-68
387
-336
-296
-268
98
13
-14
-33
25
396
-461
16
-74
-106
235
-336
-341
-154
-416
452
-242
208
89
-176
-106
-140
-342
-83
269
-271
-363
-125
-277
338
-200
205
254
196
152
456
443
-323
250
199
-94
23
75
-158
426
42
-285
-65
-159
380
131
68
-430
357
-296
-198
24
-344
-368
-449
496
417
238
317
241
-207
32
445
165
141
357
348
59
-479
192
218
-418
-467
-116
51
481
228
-31
-473
-474
-155
451
-210
-193
-434
115
-72
-285
-187
322
-257
494
314
-157
220
-398
460
375
-356
-357
452
440
-3
-62
-125
427
185
366
446
-284
-152
-38
-29
280
481
-173
107
-455
-338
-299
399
-344
-147
-82
-231
256
46
493
-206
458
-409
-118
-244
-125
-89
44
149
71
97
-386
16
-210
-435
-135
-475
-326
223
398
16
-48
-445
-91
-479
-388
-312
403
415
-389
315
-489
117
173
258
-306
93
377
-444
130
127
-497
291
267
-11
-53
180
-114
356
135
-357
387
292
485
-230
-158
132
-295
54
-127
-217
-389
221
-191
-289
190
-265
-93
-338
-292
-193
423
103
-247
-278
220
52
-390
112
-348
405
-45
-112
-226
215
-16
465
231
-155
223
350
427
51
172
-395
-62
56
-469
-243
-116
210
-364
-69
-242
-72
155
408
-321
397
120
12
-91
-287
-233
-253
486
479
137
-443
269
-344
434
6
209
247
194
10
325
344
-325
-406
59
159
-430
-75
-114
123
-169
-302
30
-207
-306
-7
-12
188
446
-147
-477
200
406
105
-192
-66
355
238
416
106
-160
-352
-462
-8
132
-411
-460
-14
384
-384
-346
435
-317
-84
-116
-454
301
446
344
169
109
-84
-190
-434
-216
148
-267
-261
-254
316
32
144
74
-95
44
393
-343
220
-73
-105
471
349
-334
-321
-453
-456
406
-317
189
397
-174
383
-265
-48
256
-127
-404
463
-84
324
-420
20
378
305
-247
-298
491
-436
284
93
-136
-265
-194
-276
10
-313
378
255
169
-322
260
-336
300
6
-255
-121
317
430
-113
-288
-304
-52
-434
437
-366
17
-377
376
-123
258
479
268
264
-306
403
-498
-194
-388
-356
229
-82
-346
97
-134
-102
98
-270
375
-63
-409
274
172
456
-94
383
32
67
423
-100
-384
-448
281
-347
-251
335
-375
-67
-75
-105
-334
490
452
-244
220
431
-44
85
97
479
341
8
-421
-261
97
163
352
-296
209
-178
382
-32
488
-248
-48
-432
39
103
13
455
-228
-39
-270
383
374
-406
169
180
-54
241
-154
-489
-111
-152
-454
-232
-223
261
104
-470
203
232
313
28
339
468
440
184
-47
173
441
181
-174
156
84
-255
1
158
397
-180
-454
-227
103
443
-245
-149
-20
349
-271
-470
129
-140
-211
443
-483
-343
269
-329
479
19
-387
-409
497
99
261
-120
293
18
-57
110
-82
475
22
220
-75
-224
405
-368
390
167
-35
39
46
-330
-17
141
-392
-448
418
-414
405
-454
270
211
-287
310
165
147
-405
312
416
20
68
221
134
-479
-272
348
-253
-201
-436
-359
-358
-310
482
-184
75
-205
-169
128
60
-340
38
-372
246
-329
-82
-282
193
-202
-213
72
88
429
202
-59
163
92
-86
491
36
13
-7
57
-385
372
-143
383
-219
487
369
-181
-444
232
-236
-361
42
388
-168
246
-203
-149
61
-76
343
-200
-107
242
-153
80
196
159
-314
-284
491
-33
-147
-39
-213
-487
-176
-267
66
-333
-482
106
-352
414
-312
-146
227
-496
360
-80
-147
-127
251
105
402
34
349
-60
-405
365
-170
-18
189
-269
-47
120
-414
-16
-140
-481
-58
-425
154
107
-457
274
-483
22
-305
218
137
45
-83
-215
-181
-264
-209
-145
172
421
-224
-254
-485
376
64
-140
-431
-251
-244
236
160
162
187
231
59
-485
344
-487
13
117
-456
277
439
-400
-493
-106
-134
21
75
178
-401
-414
-402
73
263
-490
-445
104
295
-65
138
-439
437
93
-210
144
-434
-356
457
249
-117
-437
-5
-444
44
-86
-178
-454
-484
-126
-317
304
-326
-85
87
2
-71
264
-479
-374
-215
204
484
-7
204
-161
-401
269
-124
8
-186
-413
448
-331
385
-449
-164
-492
-310
116
-129
33
-241
255
155
73
272
95
-163
146
-130
-146
248
-441
-135
-71
332
-293
-404
-436
-310
-398
-494
302
-417
203
-42
340
486
346
-337
383
-19
-241
222
-481
-184
113
-370
334
361
-333
386
-191
453
-490
453
458
47
-394
375
299
-252
236
-324
-407
-107
-86
412
363
313
153
225
-237
310
-40
-4
242
249
375
-47
257
-21
146
118
-296
361
196
-59
358
62
51
-235
320
270
-56
476
470
153
-428
124
-201
171
71
-329
96
324
-455
-439
42
-468
-25
408
440
-111
332
-90
-219
429
489
216
-147
-232
-99
-375
-379
236
286
-398
-205
-93
-242
-69
443
248
254
17
3
-2
-418
241
219
199
-121
-229
104
361
3
304
426
-377
-15
80
-140
-119
-457
354
-336
-179
149
281
228
-97
-70
176
452
-174
445
485
-334
-142
463
466
48
-254
-51
-448
175
-10
-445
-239
237
364
-165
266
452
290
402
212
399
146
499
-228
-138
-416
-423
-480
-66
341
-192
-230
-13
-57
274
364
-233
-121
-102
403
-86
322
-473
168
-145
-270
113
479
-19
-39
303
464
-411
-265
-433
-251
-487
-26
373
-498
-201
353
267
438
365
76
-379
-202
123
301
-134
-73
-123
-79
292
-13
343
306
-196
-393
-220
228
-7
386
-395
-185
-237
148
357
-355
-302
141
-234
253
189
-490
113
-5
-147
250
-76
70
191
-172
-442
-196
-395
387
-281
-56
284
-377
263
16
273
450
199
-161
235
437
-359
-420
467
380
-445
218
-481
-124
-476
-152
-405
-97
-119
492
89
31
60
200
-256
-274
-14
429
85
-237
-192
309
-489
199
-163
-462
119
198
-442
204
-476
398
469
484
-378
-115
-109
166
-329
205
55
-242
-157
351
-337
-295
32
-302
-18
54
6
-465
-91
-211
495
409
-80
-221
-90
-335
126
-238
-321
-157
325
-234
378
-443
329
-387
68
372
-446
-384
-164
-461
346
-446
-239
-5
-313
-392
-437
158
487
-88
-340
201
51
-321
-301
3
-481
314
-50
281
57
-51
6
-258
253
46
-305
-378
330
-69
-480
-277
19
-179
-408
429
131
457
-188
-130
60
-34
422
219
110
382
-359
-48
249
-444
-185
121
351
-453
-292
-479
257
-216
-424
430
-221
121
-470
-456
-395
375
-271
396
-72
159
430
-215
-151
365
-364
106
-105
-164
-395
-292
18
-369
161
409
-112
-96
-206
229
241
-429
-388
-190
261
67
-473
445
24
278
-78
-417
-253
-231
323
313
-53
-169
276
433
-211
191
-358
-173
448
65
-136
214
493
347
404
-379
401
-397
-405
213
-328
299
-38
66
422
-10
-112
-447
-168
420
-453
27
346
30
252
-367
-145
-265
-137
166
-462
-117
-399
-178
-356
-137
397
-161
-87
-493
432
418
-24
-258
-12
219
99
46
397
-63
321
-61
-364
-459
412
288
310
-420
386
-493
101
-370
-45
196
139
194
459
175
476
-272
83
-231
263
-225
-328
-46
427
127
331
413
81
-428
-361
-361
234
-223
190
209
105
101
150
-360
-61
49
309
361
68
429
389
264
-421
440
-440
-64
-81
-477
-310
308
323
262
-317
-21
409
312
238
-420
-61
270
-7
45
-497
-319
358
-176
-483
311
60
183
280
266
-69
-177
-45
130
-278
-139
196
80
-84
233
-193
-365
374
-221
-41
171
-172
238
-292
267
-41
345
-363
288
180
-12
63
125
423
89
331
71
-106
219
175
468
-391
450
236
-200
258
-288
87
256
-257
472
-104
-91
-350
107
-294
-238
-386
-438
-425
-37
-348
2
236
443
101
81
-456
-413
479
-329
94
-457
255
101
-31
-361
461
314
-119
190
-171
423
-440
432
354
191
327
-427
-41
-260
-165
-450
-483
322
-19
-320
-280
-315
-77
-138
6
378
474
413
-332
-85
293
-121
298
377
453
-5
-438
452
-65
-445
-417
402
127
405
487
454
24
-56
17
137
127
-202
-460
-79
-243
-94
-345
50
311
430
443
77
458
-287
64
444
-64
-255
-299
47
-356
-201
-137
-171
204
-244
-484
113
453
415
-322
206
4
409
293
343
-96
-348
-293
-179
119
143
-243
42
-154
210
315
361
375
120
-224
314
5
-52
179
-294
152
399
191
89
397
320
-213
-28
-450
-254
-109
-494
-227
-411
275
-203
140
-321
41
174
208
147
175
-8
-322
298
327
45
-335
460
-160
-36
263
130
266
240
297
394
61
95
162
314
183
42
-314
-127
163
-273
19
228
205
258
-353
-472
52
-297
-459
-201
-468
-158
243
254
447
-331
428
-249
-26
-134
157
-292
-172
-421
-198
-271
-363
447
-213
-12
-227
124
-401
286
378
304
-25
-243
-185
-326
284
-48
-26
252
-194
397
105
-74
-392
431
279
-303
331
-499
-208
397
421
138
437
184
-153
-50
100
-262
483
-260
427
-64
108
-272
386
-307
111
252
-333
178
16
-242
-352
-106
196
95
-429
-379
-220
-352
-318
-412
101
-477
99
-418
-382
-229
-162
67
200
-479
-320
165
-8
-145
173
-254
220
-207
384
-433
282
-498
496
-300
-226
324
-135
83
-4
-467
-283
-451
-450
-321
280
99
-414
-5
160
105
81
429
-417
-358
239
97
-45
-25
203
327
98
45
-21
-421
-352
-66
454
148
7
-290
-329
267
432
367
-136
-117
-119
-245
-210
-320
-191
494
-380
-14
146
131
189
348
-188
-256
408
57
-33
165
-466
304
-369
301
-438
134
-118
58
162
428
120
-173
-54
-53
-29
-329
201
-151
-429
318
265
450
216
-189
413
-226
-298
59
127
-439
-328
151
-399
98
252
193
-367
-398
-150
-459
-202
-94
83
-351
-263
366
-57
-118
316
-282
-132
83
117
81
67
-329
224
268
73
-16
408
425
397
-419
-259
-280
175
388
343
59
8
178
-308
38
64
-215
435
-435
182
43
54
