-71
-349
-346
375
-271
336
268
244
171
53
395
-251
485
-299
356
496
372
11
-144
346
283
-395
-155
-365
445
314
489
-119
170
374
-287
450
-214
376
345
-272
-403
-178
-305
-382
-459
-88
258
-420
124
452
163
69
361
233
-166
-334
-171
-125
54
-224
-201
459
18
386
-172
50
238
-210
-63
305
-447
-297
-150
91
-428
215
-126
-87
-51
283
-310
56
-451
147
-207
243
-90
-270
-461
442
175
-17
329
-443
76
-102
58
-432
-422
-22
-29
281
-304
-357
411
153
-454
-385
273
161
52
233
-419
-117
242
-468
404
-388
-299
-472
-42
-294
294
-276
-4
414
-199
-164
-311
458
-420
323
174
-30
455
-181
125
490
151
484
-203
210
44
19
155
407
-402
-397
-440
47
427
-389
-202
468
145
7
349
-248
90
248
-242
-318
-384
-218
140
217
-492
-117
-484
-46
-37
-475
269
-278
487
-103
-180
371
-135
-386
353
-341
208
38
-42
-319
-135
463
14
-262
-266
229
284
-9
187
193
-497
-384
-490
395
-3
-110
-6
-40
-314
20
-165
-25
347
-366
-428
-73
91
128
-376
-113
235
-16
-295
-260
-357
187
-27
-469
245
408
-394
95
436
-65
244
-191
400
-219
-262
302
-258
140
199
-159
444
-115
46
-321
432
292
-64
154
189
157
352
69
-446
-393
-317
-88
117
-97
-411
142
303
18
416
-328
-45
54
442
-4
331
31
-448
-406
-320
-226
-419
73
-301
-87
-263
321
399
203
498
-227
103
474
-375
114
-382
424
206
21
-87
-224
23
-156
420
261
64
244
-243
-217
-97
311
170
-278
232
383
407
-168
151
349
-181
-487
-96
-411
448
-456
-459
22
-2
4
-98
52
-491
-433
-41
211
-391
-465
427
325
3
418
48
89
-239
-282
477
341
51
109
-56
313
17
433
153
318
-38
-116
-175
-134
296
251
249
-241
365
392
170
-366
-481
130
-55
289
-182
178
109
271
227
-178
113
276
268
-397
371
123
61
485
-199
208
177
237
196
-190
29
399
-285
-118
-342
-489
-278
-64
362
-453
-321
-441
45
-283
-185
164
-340
-354
-236
176
-486
-289
275
101
-399
-197
-214
-217
315
499
472
-212
224
-435
37
-36
-275
285
-176
186
-439
294
-20
-411
9
333
72
-291
111
-255
-336
169
-114
160
339
364
228
-430
-167
82
-251
155
460
117
-169
217
-161
115
338
64
-120
455
85
95
225
-426
91
-297
-24
120
-285
197
221
220
-85
236
-211
-51
74
-45
322
273
50
-463
-483
-265
419
211
-272
198
214
60
122
-219
-256
493
-234
490
334
355
35
-82
79
92
223
206
222
360
375
-38
-341
-207
-295
-357
-148
-444
-330
-134
318
-259
-14
476
-229
78
-414
-234
145
329
136
-67
396
-465
-35
-133
323
392
355
71
-203
-187
-264
370
360
-347
383
278
423
-2
340
-308
-25
-499
66
-462
218
-384
68
388
451
-423
148
-110
-443
-27
246
445
34
148
-12
-367
-257
209
3
-252
331
-286
375
48
7
-99
408
-21
486
-41
277
226
-158
358
-31
-114
284
339
-295
475
460
-53
117
-309
-242
100
-257
52
260
74
19
-152
86
460
376
181
7
-204
-306
-226
-361
66
-151
-31
27
-200
-292
347
341
258
-240
53
-171
370
267
-24
-421
-245
-206
481
-381
-278
-32
-50
431
89
-244
-417
396
390
-382
291
2
-373
-312
440
-33
-364
-342
436
219
-442
166
377
-144
225
-180
-328
-51
-389
53
53
-47
150
329
-160
-110
-10
460
337
-153
-129
75
13
-156
487
-230
-293
456
164
27
331
-426
412
227
-489
309
-211
74
-9
-125
437
34
-131
171
272
-119
-335
-444
-428
-495
49
34
186
-483
-336
-188
463
-2
-210
-388
371
-85
-49
-451
197
393
-248
5
34
126
95
142
-35
-150
-315
-226
-43
390
-337
68
-286
279
-388
466
271
-291
405
422
74
-183
109
73
-217
243
-302
87
-272
120
-149
-80
176
284
-301
-19
277
-263
108
37
296
377
-90
184
328
20
388
-395
-469
-143
384
-144
-361
45
240
-293
-360
-133
133
310
120
436
-428
70
9
-165
373
52
-214
-201
177
490
-163
-486
439
255
-124
-65
-21
-447
-346
-421
-421
452
-68
-89
-146
-281
200
102
-62
196
-47
237
-394
-96
-296
-458
-487
351
-61
298
-16
-14
-346
-353
472
-94
-308
85
-14
-442
196
25
-308
236
313
-75
113
-44
203
366
-445
192
289
454
455
111
-294
-332
-9
-470
101
-150
-132
-172
90
-9
-496
-286
475
-86
134
-79
331
29
478
161
-43
292
-4
9
-500
-127
217
280
-151
120
61
-211
108
-231
-238
163
202
454
-417
298
480
413
-335
-386
58
-269
-204
10
219
-396
130
-236
13
-36
152
347
-256
326
-451
-75
-217
127
323
-231
-375
-497
-186
-336
-422
128
-204
204
233
-50
-241
-192
468
378
453
-331
235
332
60
-119
39
-54
-220
202
286
136
-375
483
145
132
-468
426
-289
123
425
-329
487
205
-138
159
157
449
-122
372
292
-364
465
462
47
-102
326
434
312
-19
45
-372
-472
231
-251
-360
-106
-301
-12
325
-347
29
-356
484
-101
-115
-180
346
-306
-244
-179
-98
326
356
161
-395
-106
179
386
-128
165
-130
229
495
-51
-90
-340
-15
-85
3
-50
252
-321
115
-93
-191
484
100
-296
-246
332
77
-23
-337
-460
352
-237
-164
-34
262
-21
383
-273
217
-77
415
297
79
81
426
-255
50
382
-48
492
41
-261
16
-406
-102
194
-389
7
309
-384
-129
-13
-130
392
-309
485
394
-273
279
-141
159
397
-324
16
-491
367
-38
298
-273
-343
-71
432
73
-374
382
-231
-348
-89
-31
-304
-4
-140
-49
207
126
-404
-376
162
40
-299
50
-462
157
-68
-155
208
-41
198
-286
411
453
108
150
276
-305
-110
105
-251
122
449
189
-434
-5
-319
36
-200
44
317
-77
-382
168
234
62
34
-302
460
138
219
-26
-432
-267
-50
439
3
-459
396
-375
-398
113
120
413
-404
-474
-192
160
-60
254
-236
-476
-207
123
-60
231
433
388
-257
132
-350
-283
-104
165
-368
273
-111
-342
183
419
-461
-199
493
-446
-385
-409
-182
-276
133
448
-358
-105
469
285
-411
-392
353
-265
176
-94
-287
-295
194
-253
10
-328
421
335
378
-39
323
160
-22
22
-134
-258
118
-389
124
-138
-342
500
397
151
455
-63
121
-453
-146
339
90
-200
-150
-18
229
-406
-121
332
-241
291
-172
472
76
433
-399
1
368
-195
-288
-290
-368
-87
101
4
401
35
-149
-364
-430
446
69
316
147
-454
222
-451
-438
-76
-456
-380
375
429
-420
248
89
-178
-139
93
4
-220
-289
-314
-207
266
-470
-19
58
367
239
-328
307
-485
499
-231
-124
227
119
-139
430
488
48
-243
-453
-83
-223
20
-415
-475
81
-415
-154
-116
182
98
-157
-11
-92
310
-363
237
-302
114
-260
-130
292
-44
187
-218
413
480
-402
274
243
-39
-475
190
31
494
392
-130
-168
-129
333
222
-162
-316
-191
-57
172
-38
-370
-424
31
190
40
105
-493
-60
79
71
-482
304
-474
104
-456
-293
369
-225
133
321
-233
379
-159
50
-220
-478
-5
372
143
125
-118
423
133
-386
61
-438
132
18
255
-27
186
-175
-286
-169
23
26
-210
126
96
-109
-218
-449
363
139
-32
-92
-169
408
314
-384
369
476
-358
-421
113
-108
75
-179
22
55
-482
-271
-413
-106
-254
61
-398
-202
138
-208
152
81
-371
164
77
-445
-364
-209
393
1
-303
-270
-98
455
-93
-487
-477
-471
327
-240
352
-462
-400
-491
484
439
53
-486
-179
387
103
16
-440
428
120
-169
352
-185
299
-44
167
69
-191
-370
496
142
-129
-178
-143
-333
273
-233
-130
376
92
212
402
477
-335
462
102
-428
-261
-297
211
-166
130
108
315
189
403
164
181
-396
-486
345
-461
318
-379
-125
-244
73
187
-134
-163
407
-222
-368
210
417
-122
284
-35
-303
215
2
217
-332
253
404
287
480
-380
410
-111
285
-89
-314
-169
-35
44
-342
110
-163
137
-278
375
431
105
344
-168
-448
196
378
378
248
449
-181
-261
420
408
-321
455
37
-93
274
9
-15
-483
68
305
281
404
311
-303
-62
-428
494
133
-441
-411
-485
436
123
391
-278
-6
-448
19
73
489
-32
15
-297
-56
-373
452
384
356
-304
-197
-442
-140
111
-148
-480
-316
-51
37
479
-85
57
-208
423
-447
-309
-308
-346
140
105
138
-422
95
285
-320
222
113
440
220
382
-88
-310
441
-342
-110
366
-29
202
-259
255
-248
482
255
181
282
-140
253
264
-104
-273
-50
-462
-426
-203
-149
263
433
-257
-165
161
499
315
250
-445
183
-66
-356
-312
190
-466
470
-235
472
89
-428
-82
50
178
475
-152
-339
-391
-245
-476
216
273
-170
-88
-498
-277
426
351
255
-273
-150
388
141
182
480
-319
-99
-381
98
409
-144
-20
-44
44
399
29
-240
35
194
-266
-374
-368
175
-239
217
-368
334
430
258
176
-289
-203
-120
-409
454
-486
258
299
102
-206
185
-179
-460
-395
-81
-372
275
-398
312
207
480
-93
-45
171
-428
465
-448
-130
252
-123
96
202
69
-264
406
147
162
-124
-129
354
-169
169
-461
23
-323
-45
140
-287
-346
-90
21
-138
-474
390
-54
-159
-60
339
-125
233
7
365
-24
-355
203
121
-180
406
-18
257
-38
294
-243
-118
493
315
128
-145
-331
21
-444
-256
-399
-277
456
-488
448
91
-414
-57
59
405
-51
-338
50
414
499
-116
331
313
425
280
82
62
78
-401
-490
322
-356
-421
17
397
-3
-411
405
-120
23
201
-268
99
382
481
306
411
-461
66
165
491
-476
1
124
-209
-19
251
172
131
-350
-424
-413
317
165
350
345
497
241
200
117
11
-317
421
111
-41
163
115
-298
449
313
292
-138
478
285
-244
84
36
15
388
-7
85
-392
-246
-131
-152
492
101
-232
-9
-255
417
6
239
-407
-146
55
-84
430
137
-22
4
-232
-144
182
-479
403
276
346
-429
142
-167
-304
-143
-78
293
-67
114
400
262
-408
-19
134
219
309
-232
220
146
-148
256
-67
-325
-345
432
-195
-326
-432
413
-138
-46
278
395
176
-21
328
49
326
27
-311
414
-151
-107
-82
-149
-151
-165
471
-426
-99
469
223
-320
-390
218
-305
-206
369
39
332
-169
381
410
392
497
281
417
-483
-51
83
74
398
343
92
217
69
405
219
300
-149
101
263
-433
-253
118
251
-223
-470
-415
-447
-485
-17
464
-205
345
60
283
463
-67
-198
-51
376
97
339
-407
142
301
-282
393
28
-339
-183
-410
-336
361
-161
481
-184
-381
-87
307
-180
-387
371
447
16
486
-407
344
-372
-274
-115
68
331
320
237
-146
233
-378
-311
3
110
25
-383
257
72
-287
-284
485
-304
32
-430
-456
-209
267
-157
345
257
282
-237
-394
69
-495
35
466
283
378
-174
374
167
-400
409
-90
-113
305
410
-157
379
-329
131
251
292
-125
462
347
-138
-452
-490
-212
-412
-451
214
-298
-260
-5
422
303
-384
179
425
-473
-271
109
465
363
336
198
-421
142
-123
-70
-402
257
299
130
-460
-285
-27
491
214
369
-167
-99
-62
-267
-387
227
209
73
-419
-229
305
-109
407
-324
-453
-169
-258
207
8
2
310
-182
-213
25
-457
10
268
-93
-218
294
-108
290
230
184
-469
-132
414
297
-68
257
-75
285
385
16
-293
273
271
-266
-58
238
-134
306
-183
-174
-423
273
197
-340
-435
183
-165
128
17
436
-342
-101
42
24
-8
-474
127
-428
304
404
-123
-466
40
-222
-487
-131
331
-305
136
97
-25
-74
-316
-474
-269
358
463
179
-417
59
58
-233
420
-260
-365
199
426
40
-273
-360
-391
-433
41
-357
12
361
-104
-457
-130
-79
72
383
49
238
437
-363
315
181
407
-311
453
-488
-264
80
160
-387
-435
229
192
304
-63
-455
462
-231
173
-288
-213
181
219
370
418
110
25
335
-304
-344
305
244
434
136
-16
231
-198
206
172
-295
-331
441
242
71
-414
412
-213
-485
-130
-252
-43
374
-394
-156
-154
153
355
-339
-368
142
324
-499
-209
182
103
483
-415
385
436
-372
-491
-73
118
441
321
-265
-136
180
246
182
295
-493
-21
18
418
46
414
-254
-30
-16
277
495
44
-257
36
137
103
-40
-7
-80
447
-333
244
-392
280
123
-188
-470
-292
-19
165
-158
285
-390
255
215
-95
-63
133
111
362
-470
-351
279
-165
470
453
-95
-324
28
-455
-281
-289
387
298
334
-231
208
-242
224
284
-234
-320
474
-314
-222
243
-317
-346
-453
-201
302
89
-14
495
-236
430
16
-298
393
-491
-379
-117
-265
400
-105
-3
32
-415
-421
282
-189
-125
-461
194
34
-467
419
-109
-45
-400
-108
55
-493
184
379
69
-177
-271
-116
489
-150
62
-38
-251
-178
-231
51
424
-254
-456
-73
-198
-218
386
434
483
-330
-151
215
450
50
-177
-465
-144
-208
-349
123
-29
16
174
289
-32
-201
-486
83
307
-115
234
-84
297
476
-71
-192
-438
-14
-156
268
-421
370
385
343
-85
175
36
195
49
-477
-268
-218
-375
-318
-34
-218
54
-361
40
-130
-160
443
-62
-28
-308
-228
-172
282
-176
-77
-184
164
-382
-176
227
45
109
83
-126
-279
113
-9
452
331
-389
337
-202
310
-24
4
291
-137
36
-68
-329
95
353
-225
393
-431
463
353
-267
-246
148
-40
297
-337
396
494
-251
-165
-191
407
-445
364
105
-70
379
160
-64
-465
376
194
206
-495
275
-60
49
48
304
400
128
279
-284
33
138
209
-298
285
-89
459
439
-328
485
480
287
196
348
420
-413
479
-450
-63
-89
251
-127
-41
-228
53
-244
-500
-412
-443
170
391
-316
131
57
-13
-41
324
-473
232
-232
413
317
5
-108
488
311
359
-247
390
183
449
-166
390
-136
-339
406
343
-163
451
295
47
-316
231
-395
-367
-23
301
-88
-326
-312
-91
-415
440
-281
347
-329
181
-299
208
-32
-271
-389
-242
261
-200
-232
289
-224
-223
-119
-81
463
92
172
456
-373
-257
297
238
-66
130
227
443
147
-455
235
-213
-296
460
104
171
141
237
426
496
412
-287
-44
-89
-395
-456
-79
-328
473
342
-202
-52
439
280
264
355
-400
-313
371
134
446
-396
-258
-397
-10
-307
-250
54
-146
52
108
84
-47
451
299
-183
-173
-267
301
-161
401
22
-324
-339
408
379
-296
23
359
261
-57
401
-21
-159
330
132
-286
-381
-227
-80
-109
149
421
-247
144
-436
-450
429
3
-293
408
62
-76
303
160
436
340
-173
256
40
426
100
311
-347
117
-144
-63
-217
-147
-440
401
75
-461
-1
-166
-116
-14
-467
245
138
453
386
-487
-153
-121
-440
-468
-261
260
144
300
16
476
138
-296
82
-57
263
-69
176
-7
-210
128
401
231
-313
-304
344
312
500
-257
-356
48
-356
-33
-305
-146
-13
484
162
-458
245
303
-41
-70
-221
121
-140
-194
284
-26
-264
-102
446
-189
-300
-81
-408
132
497
-487
-28
-293
-275
162
-211
-146
359
-250
333
411
-85
177
374
440
10
87
-34
205
364
366
-54
-48
259
217
-236
-224
118
313
209
361
-178
256
-326
19
-327
263
395
293
-108
-244
137
164
367
247
-228
-294
55
-117
10
-68
20
217
140
-68
-19
91
-279
410
-230
-221
263
-364
63
196
-116
408
-94
-50
-133
-480
-429
-306
-324
-353
-372
-12
-86
451
-355
-220
411
-106
-252
-237
274
-36
-287
410
-58
164
334
-63
50
-68
160
376
-416
74
-137
52
27
-113
429
-423
284
-415
-262
37
490
-217
-392
-218
73
475
-101
-120
-113
-440
-255
28
-449
156
-419
-22
297
-57
-329
496
66
111
-496
-294
-463
-150
-96
-255
-121
254
-103
448
12
-87
279
-242
52
11
-83
155
-37
263
-483
-176
-428
143
-203
-428
-94
-56
97
216
-150
-195
-30
278
-154
-198
-58
239
302
15
-471
220
-457
436
-72
-201
-377
453
244
-473
271
-33
44
314
152
350
-270
-186
-344
-279
271
136
-375
-54
-320
-15
-197
-419
-319
-85
59
92
3
54
398
261
-312
316
-486
304
396
395
-365
331
-45
153
-349
-431
21
197
317
87
-354
314
272
-145
-434
-258
352
-481
4
-499
377
202
414
316
-356
359
-305
-49
-289
-243
-233
-21
-89
-481
-134
444
-409
-409
44
-53
127
109
83
-8
351
93
-251
-167
114
-432
-126
259
-21
-357
-392
464
-320
-450
230
272
-207
163
477
298
-475
-339
-105
-135
-264
189
-400
-174
-225
-121
80
34
256
-245
-25
-324
271
-100
259
-500
-225
-178
-341
343
-474
20
-355
-341
-250
-344
126
-273
328
271
-107
108
458
455
136
364
-261
163
-436
-227
-87
-459
-236
-109
-103
148
-149
40
-40
404
-293
285
-150
169
-450
270
-464
-249
-459
261
-237
270
164
491
-304
380
-162
-150
111
396
-212
-96
-394
374
202
-414
44
-323
-493
412
207
393
454
-179
-359
-123
-241
-247
-62
-486
255
201
82
-6
-336
371
-207
411
-305
-224
-164
235
64
38
-101
-389
422
-153
-112
-79
75
490
213
441
-489
-182
-10
56
-397
-200
117
-353
-178
-42
164
-236
-70
-19
125
300
-124
265
-398
207
414
292
-494
-68
-149
-460
230
-51
421
-82
-29
158
-363
285
243
54
-397
187
489
62
-364
-450
-216
-392
-70
181
-354
250
-260
-475
-26
-159
374
313
99
499
395
54
-449
246
-418
117
264
487
-400
25
490
-348
28
-225
-35
-87
173
-39
-86
140
-211
275
122
497
-223
-447
-204
76
-455
357
24
418
-83
317
-242
172
212
426
207
355
443
142
-95
-377
-18
-38
-176
237
413
-427
-10
-106
-44
-55
454
181
210
42
40
354
-152
98
347
85
388
-413
110
-119
-51
-404
-82
-400
407
96
360
3
-340
-337
-434
446
433
217
-377
195
8
-431
-184
381
-271
36
-426
-141
137
452
-400
391
256
-374
-443
-59
168
40
319
441
-398
219
13
88
-337
-220
-436
-68
-217
323
-11
109
-370
-29
-69
277
444
289
355
106
-415
428
435
42
-437
310
245
125
-66
-303
-122
-101
-74
22
264
-119
-453
-29
41
-38
434
425
-265
-293
202
-466
174
-388
-454
174
-37
396
338
375
493
356
259
104
-329
355
-492
353
-385
-412
149
-56
-378
174
-375
-94
461
293
-230
243
-294
-89
417
450
181
140
446
-15
147
-39
-236
-388
-82
-416
77
-370
256
154
-398
-474
-464
-408
309
233
110
475
403
42
42
296
-115
-487
123
-42
-244
-98
-128
-118
427
391
-122
382
-228
9
379
388
469
364
-15
110
421
-467
-213
-485
-435
176
-242
-80
479
-240
391
-352
1
-450
-121
-274
-267
-90
324
-119
450
314
-351
161
481
188
27
-231
-255
-42
239
417
-54
-485
81
-135
-398
222
-341
78
283
192
304
335
-101
433
190
344
-355
121
432
465
203
-76
-68
-364
418
-159
-477
279
-369
-416
-60
302
88
349
-178
347
500
424
-76
417
343
-214
68
396
202
495
72
176
-219
-179
338
-277
448
-404
-488
17
395
-149
221
-398
356
184
188
87
384
302
-290
-58
-278
261
282
95
-7
-139
-287
-149
-428
71
-192
-22
-422
296
-402
450
-315
-444
-487
-273
281
220
-447
210
202
490
437
-468
335
70
-118
-415
229
29
-396
209
-212
244
-297
31
233
-391
-31
28
122
-101
-116
-171
373
-60
500
445
-196
-368
141
491
420
42
239
-316
166
100
430
126
470
-71
453
-180
-203
-142
447
-216
13
317
327
-112
47
-274
482
280
85
420
-365
-186
-147
411
-459
-460
384
223
-407
203
46
430
-376
-477
59
497
495
-491
-10
235
27
-440
469
-120
497
329
-299
69
-467
-135
-441
-449
314
77
340
291
5
-276
392
348
218
-430
-434
191
43
427
457
419
314
94
-306
19
114
283
-189
-393
307
423
-320
-142
438
-346
443
165
260
410
-141
375
222
-260
289
-317
-475
-336
352
158
45
-184
268
244
-105
-92
-82
500
125
214
413
-8
269
183
-321
409
343
-353
-440
-136
-250
-289
194
135
49
230
378
-349
-81
-266
370
-267
-267
-322
-217
250
184
-298
326
195
279
335
-163
-303
-214
-145
-244
296
-31
-216
-75
214
3
-136
442
203
-255
-377
221
-161
248
18
216
1
-431
-494
-181
-263
-218
12
-229
-380
251
401
435
-405
-366
172
-236
-328
-388
171
-29
252
-332
405
-477
43
-40
198
4
-156
25
451
500
427
100
-456
-32
-374
471
423
62
174
-409
75
474
-282
59
-259
-10
-446
-283
238
109
-176
-389
-27
65
-51
72
-386
-357
-44
399
473
488
18
319
83
366
7
357
-205
234
395
381
351
-448
152
197
-255
-42
454
28
-289
294
148
-329
72
-107
367
246
-225
-111
39
500
492
-67
402
-481
-488
486
-424
488
375
-461
-83
-458
399
-182
377
-231
223
313
-391
315
67
15
114
-486
97
229
-153
-486
-255
-490
-349
-499
-17
196
105
-287
-310
162
303
-411
95
-79
-326
-299
-231
211
-8
-151
-21
433
-355
-296
-19
87
105
221
-136
446
363
-41
-32
172
-461
64
168
106
-214
187
-358
54
270
161
74
-366
351
28
159
-421
-22
99
-479
-212
-105
425
171
425
254
-345
192
-262
-117
424
489
394
-328
200
197
499
310
264
403
-419
-274
482
474
-8
-32
366
-275
31
-251
-409
143
248
331
-431
-199
389
114
438
-113
177
-375
-165
-300
-252
-427
-498
-68
-20
256
131
301
-427
389
500
-308
-145
-219
333
-6
-69
245
-1
311
-210
-471
20
358
185
-309
-247
-361
300
-201
-97
-216
-137
231
-272
-157
107
-320
-399
-72
-424
268
-498
-61
207
429
467
-469
-104
-241
242
356
25
-474
353
-7
426
446
401
-220
-268
-411
-292
338
80
-271
476
-169
-302
-424
-187
431
-204
35
-383
212
-402
-386
-3
-88
-302
403
485
-278
213
-440
132
12
247
-439
-302
-280
-273
-396
388
357
-342
467
330
-112
-447
-443
-422
414
-2
297
3
-5
242
49
-384
319
-164
51
30
-37
214
54
-433
303
319
-236
177
-96
141
-48
-50
250
-152
208
-463
-157
-223
-312
-177
-89
214
318
66
309
-58
231
-222
321
280
-54
-272
-418
420
-149
-343
-93
-62
447
-323
333
110
-487
42
205
336
63
-468
102
209
-484
-487
-108
-486
-174
308
-188
69
-250
-482
431
213
425
-473
-68
-276
-233
128
310
-394
422
-490
-119
-284
168
323
-83
-91
-215
-34
245
334
71
318
76
-363
413
107
-410
400
-156
-175
-256
247
328
253
-89
-49
-49
39
-77
122
254
-21
-119
241
141
13
179
367
-38
-78
-207
-285
492
380
-225
-57
230
-142
497
122
-297
-34
392
481
20
-55
-184
481
-163
243
362
364
-377
-439
387
-10
-194
-158
-444
-15
197
-189
409
-55
-31
457
97
483
326
346
-481
395
-399
-260
191
305
343
266
163
322
-117
85
-100
-186
488
-137
387
-143
84
126
176
160
-423
270
-245
-278
371
74
429
394
290
-384
-63
-460
-429
-420
-16
-124
5
24
-485
111
163
-324
-443
-7
-249
408
418
456
453
451
454
-407
467
208
231
306
2
-485
347
177
-382
-405
451
146
235
-371
-170
146
-207
87
171
331
-21
117
307
461
-377
488
225
-230
228
-147
378
34
-146
-22
12
489
-168
-399
398
163
224
-100
282
407
-431
-407
346
393
61
308
-267
104
401
-409
361
-71
-220
-31
-1
12
491
239
359
-328
45
-490
431
-245
95
-129
224
-39
371
-446
7
302
375
-334
-170
-151
-296
-25
-234
58
424
-284
-385
91
391
-126
493
394
466
-101
-388
350
-392
411
-145
455
-153
-216
-59
293
343
346
344
-203
466
446
55
38
171
72
415
-384
-264
-105
405
270
-314
-83
-354
468
89
173
-208
-89
158
-194
-187
-139
175
-271
-140
-326
156
112
-193
-328
492
-424
-210
-78
173
439
347
-309
-322
-100
121
415
333
-285
-105
-307
-113
-296
242
190
144
-274
206
-12
-163
-488
38
60
429
396
-457
-130
-432
393
-298
-89
210
432
445
442
-56
392
-332
463
295
294
61
322
347
-166
-295
86
-116
-420
-461
169
-291
-109
-11
-382
429
-58
97
481
93
-89
400
-392
-192
77
-171
-169
305
83
348
121
140
-265
-56
-181
-392
35
443
307
-236
288
129
369
234
249
-416
358
-47
-291
-368
250
239
51
-211
317
241
-354
60
-303
173
-374
-420
-143
353
68
-404
480
-102
-324
387
-260
-244
-496
335
96
-349
95
200
-233
-170
273
-117
215
-281
-31
-178
294
403
224
-88
244
288
203
75
39
-235
317
63
-69
69
-11
-390
168
95
28
-211
117
110
485
-255
-428
335
-340
275
242
8
90
57
188
-150
-333
487
359
-269
281
-367
-12
-453
100
-259
71
94
-162
-418
301
-66
-427
-83
149
129
374
137
197
-235
316
138
259
-46
381
270
-30
315
387
242
-248
464
-366
-5
-189
-359
-233
390
226
411
-398
-288
15
-385
499
-436
-497
367
499
424
-111
192
277
-334
-16
-109
424
341
497
-339
352
241
174
-209
-478
-361
-414
-432
-132
194
-9
60
198
371
-125
-190
484
324
-37
-331
-165
-104
-243
-270
299
22
265
-240
481
-157
-319
82
277
461
438
329
-483
182
-466
99
414
-72
-201
140
-421
288
-143
42
275
-233
-293
-316
492
499
447
-222
218
38
105
-101
-474
264
-258
36
-306
245
-329
-373
56
278
-469
363
-292
106
78
-421
-95
-169
490
-384
473
-393
188
121
-136
247
-397
-291
-10
85
-103
-140
-191
50
-12
475
62
285
-133
493
304
-373
-349
-389
60
446
-480
-360
-393
350
342
388
191
-152
78
-91
385
81
-126
91
-442
-348
121
-91
-116
417
264
360
477
-278
-157
434
-331
-273
483
142
399
346
-197
32
377
269
-252
-95
-140
282
239
-336
-229
-26
-472
-136
157
390
418
165
369
434
-62
-349
-400
-497
-345
207
-442
-285
400
284
-401
-410
95
-112
8
-84
-74
271
62
110
100
480
-50
454
183
-5
-410
401
-489
-468
58
-65
-484
103
-102
-451
-30
242
-194
-28
432
-459
447
346
373
431
364
61
330
-392
377
133
272
485
70
-341
-46
342
160
-428
-500
462
354
-210
-185
-115
-444
-467
-122
181
-465
-191
-321
-4
221
12
-290
84
-495
326
-395
240
188
-53
159
-500
-254
-134
-224
-55
68
-164
39
-499
-41
213
265
272
159
261
57
440
450
-384
-209
116
4
132
-26
-75
-455
1
-239
171
97
215
-191
-463
-227
313
284
211
207
330
-473
299
192
147
72
328
-248
-322
195
77
130
356
317
-202
-409
-257
435
-310
-355
56
272
95
-425
457
-200
-41
423
243
-463
264
475
-253
76
-35
18
-357
473
309
367
17
-299
-395
-453
-461
82
-287
-244
-465
102
250
-89
-408
-57
-459
482
489
32
1
21
401
-186
-158
227
-249
121
447
-104
270
-70
-83
-203
-331
-456
220
293
-79
307
-407
-359
-361
153
187
160
416
-185
281
70
-123
-442
1
-461
-212
316
-300
-274
-152
467
182
-296
-356
95
-368
-246
190
-333
-421
269
-61
-252
257
-20
452
247
-112
-230
23
103
490
381
-36
-369
6
-90
-221
426
366
387
431
-450
-176
-10
-5
-89
461
172
182
-453
-177
-254
383
-376
-125
65
-395
-98
-194
-268
-220
192
-325
177
-403
-194
-172
478
-126
302
-114
305
-380
79
-11
272
-203
411
-326
-34
-217
-308
175
442
137
-50
108
260
257
62
185
497
295
415
-496
348
-176
-100
440
-150
-284
-327
53
-379
425
77
-272
-497
-482
187
359
-189
-190
384
-330
-206
-232
-4
119
95
-322
-152
-245
-160
-59
203
382
452
-179
201
-369
121
-439
-384
-5
101
149
420
400
-120
427
376
213
379
163
-400
-485
-130
143
-481
-492
-474
-333
35
-473
-190
477
-207
-393
-81
-164
85
-500
-72
-229
-290
-133
362
158
197
-51
29
-452
-216
320
399
277
131
198
-419
254
-146
473
-351
-403
-260
435
480
23
-230
492
-325
111
45
156
234
173
295
-387
-275
194
-243
-323
-14
417
-188
371
-177
466
-289
-185
-31
402
3
472
78
-311
292
-42
478
48
-367
177
-400
-265
-264
211
307
-120
400
-86
255
297
-29
352
-297
172
-318
207
-491
406
421
-49
-228
-36
-258
-105
-18
60
-240
53
-310
-200
-73
346
-377
318
367
25
-34
-223
182
305
-228
246
274
4
-23
-212
-108
-160
308
282
-343
270
366
168
-318
246
-335
13
-289
-193
219
407
461
-311
43
-444
398
-262
205
310
-401
-68
-46
-345
97
-146
441
-141
118
170
-43
-45
326
203
-235
-52
-68
-371
-200
-448
252
-111
-145
93
202
422
-375
185
-273
230
-400
143
401
-81
-229
-397
120
-172
259
27
26
206
414
100
-278
194
-110
146
-349
-112
-253
-58
16
-138
493
-235
-112
418
-330
-212
-346
286
240
466
-157
-167
85
-283
-453
375
84
-463
-50
220
396
487
-336
196
-204
-165
238
270
55
-424
-471
452
-408
249
294
336
-399
431
-96
-310
288
159
-304
349
479
366
70
4
232
434
-220
215
-92
-353
-271
-486
-135
-85
72
298
-204
-500
480
-251
-256
-235
454
94
-94
233
108
-424
-363
-181
440
484
-141
418
-487
-331
-353
-217
15
353
-257
-473
304
107
-403
100
265
-487
66
25
-72
294
420
-232
322
-42
-170
-442
410
-140
335
-156
-321
-5
46
-438
-385
-42
242
238
-358
141
-294
-1
-131
-17
378
-66
-314
-85
100
-477
254
-289
292
-59
-306
-176
-282
-304
316
378
-493
393
13
166
-499
-97
160
248
411
100
-5
316
452
-198
439
-461
18
237
-330
143
44
-81
-123
154
-134
249
-28
-424
182
-247
-197
-52
-60
245
191
218
-125
438
-125
-279
345
-396
91
352
442
-393
-305
353
233
-254
484
158
-269
-355
186
-152
-161
-402
368
23
351
448
-360
20
-398
15
245
-490
-267
406
479
-483
-104
390
137
280
329
-142
-28
-280
435
307
-467
191
-141
-186
-153
-258
53
-229
-60
-177
236
76
480
188
150
93
-291
350
379
-51
-204
289
455
-445
-25
-402
440
23
332
-333
204
98
208
426
-482
119
-284
441
-424
253
7
-208
132
-366
440
-445
-123
-138
488
-416
39
-154
441
-60
479
313
467
-432
-251
62
-495
-334
-47
447
-35
4
-397
-395
252
202
-268
-216
-35
-332
444
476
399
55
281
-480
363
389
142
96
239
123
-311
240
486
-131
465
-368
415
309
-422
12
272
43
184
-306
435
428
-267
-92
240
-182
-328
-68
-471
439
164
176
349
-349
-356
-455
82
36
51
-101
349
495
-331
-419
439
193
-306
38
-85
187
40
-230
-24
468
-393
-365
-350
417
-422
482
192
-463
42
152
-386
67
480
46
-62
-78
81
195
301
-112
-447
-82
-268
-136
44
436
126
-355
-299
109
412
-313
128
-423
119
-150
-128
-203
275
204
125
-247
-142
-355
500
299
150
-404
119
207
-361
302
88
-383
342
-180
226
216
27
-307
-35
-439
-218
463
169
-73
-25
18
-378
475
-486
-186
-80
78
-472
133
-491
-191
-414
-44
-322
-112
491
-459
28
89
-87
224
-175
273
-187
153
-477
385
497
472
46
-165
-211
-406
-57
252
-267
309
278
-88
486
-141
84
-352
-454
399
405
-36
-187
355
-434
-386
-82
-142
275
-323
470
223
-488
-135
397
-441
96
418
417
26
379
51
106
-320
423
-141
104
447
-438
-33
113
135
-448
-491
325
-215
-428
163
-459
413
123
-274
-417
-318
300
188
322
121
375
-134
-129
402
-115
-89
-46
-454
-54
-395
447
-325
-62
-159
334
154
-391
407
-136
75
-372
-323
164
86
-4
188
192
-195
24
137
133
66
-77
43
-281
-463
-281
69
62
-162
-134
14
361
-79
62
-241
-6
218
-279
296
-377
211
-43
101
-433
169
-111
-392
391
356
187
-147
-403
275
-124
-239
327
157
228
474
-20
-228
-324
-102
-90
167
53
468
177
-136
312
300
-323
8
-214
212
-124
364
58
162
-422
423
142
430
133
-117
440
83
372
-313
-72
-319
-462
-142
-148
167
-132
-44
480
90
-39
-57
122
-241
230
-79
77
496
-80
-57
-442
-296
-313
346
313
405
143
330
102
-258
122
132
-234
-237
266
40
-17
281
175
-121
62
-338
-487
-468
-236
-419
62
-57
179
109
86
-152
-484
430
-59
-144
-76
325
-148
150
18
-242
-120
375
90
243
-131
277
-328
-272
256
6
397
393
-123
-428
-111
-220
-468
-29
-77
233
-167
-322
214
-379
9
300
216
-450
234
479
47
-75
-293
-72
376
77
-312
35
-492
495
-299
406
-485
353
-232
64
30
-293
242
192
-168
159
167
-4
-108
159
292
-420
418
495
-103
-428
-197
-455
84
-56
415
-230
-408
-240
-233
421
-462
300
113
30
-353
348
-177
488
449
-12
256
-444
-476
-178
-82
-232
-438
-424
-326
266
-410
-228
-415
-348
257
226
-102
-176
-353
285
451
-478
48
439
354
-52
317
350
-494
-94
56
264
-489
234
293
-275
-36
132
-152
-456
-274
-268
-287
-321
314
30
235
27
-232
64
-279
268
90
397
-469
246
-360
-333
-131
-426
68
313
249
25
99
-5
426
193
-170
-256
-442
-381
15
-448
-366
89
328
236
-240
57
349
-217
333
290
-498
-141
47
-241
-235
-207
-60
35
197
464
31
-276
81
155
401
415
490
-337
-78
-98
265
413
100
213
217
-232
-197
-128
499
190
226
-297
-161
-251
-212
49
153
301
408
-48
-190
372
287
163
281
185
-457
222
-116
354
321
303
364
-226
117
395
54
191
266
127
-205
53
-293
277
247
-236
-33
-41
142
167
41
-64
-328
436
-107
-139
374
-472
-466
-75
-380
279
349
309
87
249
-37
222
67
-458
-220
-485
-287
259
206
464
-144
-498
62
483
-281
-276
44
182
-155
-285
235
467
-226
-274
60
-17
-480
-196
-319
-189
-411
417
461
-65
-238
490
118
494
183
276
-5
445
305
-24
-320
-223
-177
-184
-238
-253
98
-448
-198
59
208
122
-126
-196
208
-53
-432
257
-414
245
-188
127
239
-1
15
-317
-394
436
-5
-448
-350
239
274
389
-434
-339
-132
408
40
307
-467
-278
63
-378
-343
279
-325
-474
-11
286
497
-67
-91
498
-381
185
429
207
175
-57
-410
209
-353
-333
45
-308
-243
168
349
-463
-470
-77
109
388
368
300
280
-11
-191
496
-461
276
-178
37
-108
256
-147
474
116
38
306
261
-346
218
-115
-271
-17
-279
-489
221
-315
173
309
-215
8
409
89
-400
440
-470
-330
-129
286
41
223
370
-238
-497
-190
-471
-464
11
-48
487
27
42
197
-203
78
-257
5
-337
-169
288
46
55
-138
-63
-475
-174
-5
-357
-386
-184
302
264
66
-48
-435
92
95
-490
-211
-418
-101
-187
-306
-307
-102
155
429
210
19
228
93
434
-466
420
-474
362
-428
-180
-91
425
-476
-96
498
399
-63
-470
-446
343
325
86
100
373
-495
-261
-38
-277
-265
417
178
278
-440
-397
150
-296
2
274
-329
-129
199
408
-75
-248
56
-101
-478
474
126
303
110
-251
-480
-212
171
131
230
-104
221
143
15
-10
122
411
-353
-24
312
73
298
98
125
-336
265
157
291
262
43
298
-254
-412
-422
68
-209
-24
-425
-474
-350
402
-249
-101
-358
345
132
-64
352
491
411
-7
-199
-126
-153
-172
-409
-117
-133
-198
79
-390
-185
95
-429
-310
144
460
346
-466
184
-1
-212
-251
334
333
490
-122
-176
-210
-302
-444
335
288
-488
179
-391
-265
-296
-445
-462
42
500
-126
-380
279
-355
-126
-126
370
-167
-285
-227
-159
-64
-153
-381
-477
357
-56
-437
417
58
-480
-457
297
-397
-181
-130
146
-443
219
491
-204
297
84
-94
24
-43
-334
352
-122
-211
371
141
-33
-313
406
446
-151
-369
-475
234
113
2
275
75
102
197
125
488
-420
409
103
436
96
487
-267
-69
496
-324
423
165
-183
496
199
465
-283
445
227
139
184
-392
346
328
29
-110
49
476
-137
38
455
-454
-375
123
-277
422
387
411
-272
-73
389
-253
457
-169
-200
-428
-208
390
-278
-183
-273
-15
-417
391
-163
489
-145
-489
-469
-194
-364
-322
-1
-153
223
333
439
155
273
-44
8
-487
-274
254
-133
411
67
-67
-443
-346
-54
-162
26
348
361
233
424
-22
-195
439
221
323
80
354
-109
-188
-377
155
165
-200
-394
395
151
14
190
173
301
197
385
-404
249
-155
-440
27
-312
-130
-158
-22
439
-154
-488
38
322
-169
-284
-198
-163
157
-161
-207
409
177
-360
-374
233
-427
-354
8
-198
-380
248
-13
430
-13
-351
-62
55
-325
435
-213
-226
-387
-104
254
70
-282
211
228
-463
-230
460
73
-29
429
96
-131
280
-401
411
-185
289
299
261
-140
-267
37
-160
-240
-7
-151
-308
425
-298
471
-480
-189
122
268
13
106
276
-5
252
-123
411
361
-54
307
110
60
-433
-358
-235
-436
-32
-27
184
-242
275
193
-138
-405
-339
-42
488
-39
349
475
-21
331
-452
359
-388
-70
-465
349
-316
293
-463
104
435
-372
38
367
-256
-111
-54
343
70
104
-174
136
204
144
-262
-118
-389
480
335
485
-42
-299
-64
-36
-52
-168
-91
215
231
462
106
-188
69
-421
12
494
-499
149
-432
-197
323
209
167
208
282
-388
249
-382
243
220
206
-308
-5
268
140
419
328
-376
50
-391
253
219
-355
-318
-402
-351
-250
-313
114
-190
45
-215
236
-367
173
117
37
426
435
-487
281
443
-494
285
-336
360
83
-252
163
-104
377
-260
55
-303
429
325
-126
239
-24
-227
498
-238
-159
398
109
-156
222
397
101
-266
-489
-238
-359
233
500
240
45
77
-468
24
-476
-61
-95
473
-157
-225
-329
259
-438
69
451
434
286
-198
484
-328
401
156
346
-191
-367
147
-377
382
397
252
257
-341
-195
-295
-259
-137
-11
154
420
357
259
-481
-408
450
312
-151
-386
111
-30
258
28
447
-186
-393
-445
-392
-254
339
-234
465
-489
-114
106
-454
-129
-423
-105
194
471
-396
337
120
-159
250
246
-438
-330
-108
275
-71
272
60
363
166
340
-249
-348
265
-326
-398
-229
306
-386
494
-475
-65
-57
-122
377
253
-348
-391
-369
-201
-169
-266
434
-456
485
480
12
-205
-168
488
-113
-260
241
-156
-305
304
456
-371
140
208
-274
-83
230
353
113
441
-80
-186
350
429
-199
-128
-302
42
324
-66
-436
-382
-436
-63
-75
-273
-203
474
-300
206
136
152
332
-378
-444
252
91
-44
-368
-74
109
97
305
-363
-474
-103
-402
45
-449
388
365
-271
272
482
-421
-82
-401
-340
-249
-310
-272
331
-168
406
-298
8
-432
119
-92
-343
-154
41
-102
260
83
-73
483
27
-279
266
-226
239
-51
361
-456
-155
-127
-165
-75
80
-494
-12
54
-125
471
408
-163
-354
-2
-356
417
-67
-205
-272
155
438
-3
124
-487
-388
139
153
441
-15
220
400
-380
179
-198
364
302
1
250
-360
-373
-193
-42
312
351
426
-197
206
-292
161
336
-342
-326
441
-467
312
47
-350
-349
-72
-489
269
-322
261
-358
103
-447
330
287
348
71
-92
-162
206
-103
209
-274
276
-451
-208
458
1
255
176
-102
-294
-182
289
326
354
272
-20
-39
140
331
297
158
192
129
453
-391
-401
-131
-417
185
386
332
1
199
-359
-489
-318
-453
-59
-377
-311
258
-341
402
346
-27
-41
135
-229
183
-363
-244
-318
-189
278
-389
-333
-300
-35
-430
286
110
315
-369
-78
-132
223
121
-71
418
374
437
-452
-380
437
365
-266
50
-219
124
470
238
-130
234
-167
-50
-456
247
222
-393
-435
381
-232
281
348
248
160
9
342
-490
-393
-48
25
255
-420
-403
404
56
-213
86
-240
376
318
188
-127
-167
-216
-367
-9
-486
269
284
-171
308
174
443
227
311
-204
203
176
349
84
-132
-337
-21
-5
279
-142
-59
480
-228
-319
-250
-37
352
-321
-104
416
-496
352
-358
319
-32
222
-276
-91
-408
43
-432
-108
291
484
332
130
152
342
-337
-146
121
457
69
-400
457
132
21
-171
167
-207
53
325
-316
-213
-327
19
226
344
23
-270
186
367
-141
-19
191
-306
-60
-447
296
-26
-18
-70
-20
37
-158
21
207
50
423
-155
-293
356
90
227
462
9
297
-222
492
358
-64
493
265
-118
-111
301
233
-255
459
208
233
-400
-295
-346
379
-436
82
212
471
35
-102
485
492
-156
221
371
80
483
391
161
32
-211
-25
460
252
77
329
-186
301
271
-205
-475
412
159
286
71
415
431
204
434
384
-307
-72
32
334
394
-444
323
326
158
-299
-429
-10
152
-250
-167
-95
345
-465
39
178
336
-301
-477
-139
-238
362
-150
26
83
386
-408
223
146
-128
-486
116
427
479
42
-37
55
447
-268
5
248
100
-370
407
-9
-200
340
316
231
169
412
-53
102
169
472
-221
-64
374
143
449
-315
-146
-463
420
-255
-466
-293
-131
17
264
473
206
-305
-470
360
98
-67
-327
-204
-222
334
-124
-205
20
-53
209
-268
62
-494
-19
450
-27
-360
45
-100
21
454
-60
-398
-380
363
-476
-2
-202
69
-348
-336
34
-227
-257
345
260
421
456
398
268
423
-390
280
-419
311
366
-141
341
478
-194
375
120
272
-114
-411
429
124
258
410
-252
-443
-367
-17
-450
304
-317
-96
474
13
-37
467
256
-284
-494
-189
-414
-362
214
486
-374
307
-468
127
269
-27
62
270
84
-331
-247
-322
-151
-439
63
28
214
126
-236
122
-391
-309
142
-270
-132
-303
119
-37
309
135
400
-307
-496
295
-184
235
-64
-26
-123
431
394
-132
-358
-283
-144
37
-79
157
-274
305
367
-31
84
-136
-351
-459
-299
-257
-258
-322
456
445
-200
-108
52
431
452
349
-18
240
50
-112
289
4
-409
449
183
399
494
-357
-419
464
249
405
295
-134
344
-192
-114
-179
-20
-386
-20
85
-290
58
-228
-78
332
243
-126
470
122
-101
-356
257
406
-78
427
-438
-103
424
16
-307
482
-474
-426
77
-106
-282
456
-337
181
287
-76
-322
-220
-10
-246
83
-366
-335
1
338
-88
-67
-157
406
317
-443
417
72
-10
-371
397
482
10
54
-227
116
9
-358
-85
1
454
294
208
6
-446
471
329
105
269
-349
48
309
-145
-221
-428
-130
164
252
288
88
-133
-75
11
-300
337
-274
112
-440
247
-486
-380
-55
-38
415
63
-59
-62
-156
-313
352
-104
-33
-206
472
131
127
-72
-55
-487
435
-472
244
-127
105
355
89
81
-174
93
-239
-102
235
-46
282
-259
-82
-209
263
225
276
-324
38
485
-191
-356
301
294
-130
325
371
-127
313
277
-171
-443
80
310
-170
329
371
-289
-142
-208
421
-182
114
243
143
-1
21
260
-210
-218
362
-239
-230
-405
110
-142
-144
321
131
-184
83
-87
-128
204
415
216
466
9
-482
67
-26
-121
-32
426
-4
-436
-294
-190
369
258
314
60
428
-475
482
-1
-250
-177
62
-444
-212
153
-403
426
235
-55
-157
-327
-182
494
-343
171
-116
374
-449
243
-196
166
-236
-369
275
18
37
15
-146
-382
3
-80
-399
295
270
-8
431
-63
-264
137
-355
-470
499
109
-493
132
42
-114
164
289
445
398
470
41
-393
-272
-332
-138
225
-474
-236
-213
317
218
234
-414
-302
53
272
-5
-271
411
-16
-433
-293
458
-12
-305
497
-308
-28
-408
32
101
54
-467
381
426
425
137
-264
-245
265
-103
71
492
-131
428
-360
-466
134
237
-310
-410
-20
-451
140
-58
245
-167
70
-414
-58
363
371
330
-261
-17
-228
304
-472
30
-450
-17
-247
-10
341
16
265
314
-206
-139
210
-36
81
184
-94
-164
-301
-238
-363
-364
-170
100
257
70
57
-428
363
203
302
495
100
-438
339
-448
-422
404
-190
-26
417
-408
302
239
-298
107
-328
-493
261
327
-105
301
-85
-117
207
-220
-236
-96
-462
202
277
357
-411
31
-280
271
131
-409
-275
-489
167
-104
335
-440
34
-55
451
414
261
33
-301
424
374
147
-358
-129
-343
-426
-431
473
8
-275
439
-320
-133
240
155
-365
-495
-176
148
376
35
167
167
-431
-167
-133
-394
305
-304
-459
206
487
-336
-53
465
473
229
-466
279
70
101
-50
155
19
397
416
-302
304
-64
119
-284
-29
-231
408
-389
454
179
-483
358
-291
479
-357
109
-417
-16
-201
127
-311
223
-365
-195
101
322
-207
-85
434
-204
343
451
485
295
-264
415
-277
-291
-249
460
359
434
-461
-61
81
185
77
-183
-101
247
398
-438
-299
-316
-214
398
-58
137
-348
-413
462
-353
-232
-100
12
196
8
-83
363
354
-174
148
-82
249
481
-358
259
-481
245
-322
427
-166
152
-240
-147
-90
345
-52
22
355
-462
-445
-422
209
-6
-422
49
-366
-336
-214
199
303
-41
468
-154
65
-34
-335
434
-121
74
-371
-130
-322
340
-448
-338
-81
104
-440
372
-373
12
-360
250
385
23
446
-490
117
302
-368
-315
16
498
176
459
-274
255
-416
-114
329
-56
288
-41
375
469
-480
192
200
-451
59
423
380
-465
183
-96
-214
-284
-196
405
-166
313
-155
-142
194
-230
2
-84
330
-176
-127
22
423
340
-130
-190
117
-442
7
-125
-175
452
-6
-56
84
-347
-4
50
174
45
134
-99
-236
-20
-123
-442
498
473
-429
-338
-260
-222
52
190
-160
-29
469
-43
-168
-447
207
87
-283
-208
-87
-223
230
111
214
8
35
-166
-164
-209
270
-120
45
-181
265
38
434
198
-203
446
108
290
-489
146
-163
482
10
-409
-308
-381
-478
423
177
-75
427
-296
-473
-176
40
112
-176
-134
-195
-240
-131
-73
-38
19
-114
-94
-113
75
-474
46
-72
-214
-250
434
390
-445
-293
-129
12
-44
-240
-166
25
-439
491
11
-141
-310
72
-335
415
482
-297
-37
257
-434
216
-350
-340
239
272
-392
473
-302
-444
-6
415
66
-97
-20
182
351
54
-138
488
224
125
-170
-317
142
108
-119
-135
-234
-287
86
208
366
135
-155
-381
380
-494
-103
22
-71
-392
-151
-374
258
-139
129
278
107
499
34
140
384
-463
443
231
-113
-202
148
-148
236
247
131
-360
-436
498
238
-383
-270
108
-330
226
459
205
-3
11
-138
104
281
6
-322
-187
-141
-181
415
123
-126
185
-275
191
241
-17
458
-147
-84
-455
155
-465
210
-206
-434
367
-176
-145
441
228
-36
-60
364
-231
357
-353
-327
308
-463
-160
340
-456
-78
-465
-435
-199
436
463
464
-247
380
-332
-417
-242
152
276
428
-6
-332
24
163
-237
-481
-399
393
-264
245
-478
-235
-41
121
377
-49
54
353
-147
-300
114
83
-223
157
248
82
-63
444
-202
-420
-113
461
-348
244
329
-378
322
455
-436
-31
-13
-407
-428
178
-416
-208
-64
-195
480
406
481
251
243
-348
-317
360
491
404
118
-48
-178
62
-422
152
195
-210
-340
479
-166
260
204
-310
-386
-112
-294
-37
414
-212
354
237
-421
224
407
-341
-27
-53
-219
424
-76
-108
195
-340
-242
-443
-415
-144
125
95
-68
103
-35
-325
18
-358
-284
463
109
85
355
-446
207
-104
456
-362
-133
118
-120
421
-191
232
244
-452
497
-203
65
-121
237
-101
-422
215
-428
222
-276
-185
421
441
-110
17
-430
-458
368
-264
-302
296
-328
-277
344
302
-140
85
-402
-224
-418
-117
460
-340
153
-431
468
-176
237
50
-451
199
-337
150
-308
248
-114
71
-440
400
-14
45
57
-277
173
374
-177
-213
-355
250
-236
386
363
422
367
393
152
361
-157
-2
463
453
-448
-152
28
463
399
113
306
-63
-356
52
-391
216
-50
-378
-93
152
-496
341
-205
288
-153
364
434
130
381
-297
94
-320
-228
-157
28
360
-111
-47
4
418
-234
114
-208
-457
-424
360
-264
-162
376
312
126
-426
-370
51
306
29
-251
-207
385
-47
415
327
-86
170
306
363
151
167
-261
-394
-186
106
65
395
475
257
348
-68
72
-393
218
308
44
389
193
371
206
315
289
-218
151
153
58
-430
-458
6
-79
43
-289
427
215
359
274
-190
-383
326
-383
30
199
69
-283
-330
388
485
-305
157
-209
-440
189
-45
-37
104
348
-359
-94
201
2
-238
404
-66
-133
-227
238
-323
295
497
237
-250
-233
-129
35
202
-361
426
161
472
213
-134
365
376
-324
490
-472
-144
-347
31
102
-417
172
226
333
-125
-395
495
216
418
-242
99
-147
-417
15
374
-179
79
132
182
500
10
66
-153
374
-320
-477
328
-161
-116
-191
292
280
220
173
376
-208
67
389
-55
288
376
292
-388
447
-127
-493
7
288
-183
127
-133
443
-109
418
-93
-36
470
172
280
-362
256
324
126
-489
72
-367
-451
403
-141
222
-26
201
85
354
491
-270
-68
-10
-205
1
114
480
-177
124
203
49
-102
-224
-122
-50
-292
359
413
52
-367
-393
420
44
-255
-413
12
186
-211
299
486
445
169
136
-172
-198
-240
-18
-463
-256
-229
-175
-129
353
269
-171
1
-32
-419
-250
-354
128
-39
-253
-206
-218
176
175
252
-143
-179
275
-429
349
473
-437
46
-420
-209
-85
181
350
195
-160
51
467
-116
-409
-46
392
-354
345
393
483
-437
-17
-370
472
-389
-11
433
168
-217
-93
332
282
-313
-86
-391
-308
136
444
-190
70
-46
-17
57
-27
261
-37
-103
278
444
122
431
160
-253
-72
19
-20
-221
-42
220
-51
187
-73
404
205
213
180
-255
211
-443
449
423
25
-4
-420
-135
204
57
111
126
307
142
483
327
-405
475
231
321
40
322
48
430
278
27
446
-204
492
239
243
-167
-335
-500
-37
320
-145
-36
-98
443
451
264
123
148
-314
88
-452
203
395
-350
23
-8
-311
-359
8
284
272
-354
16
-7
388
-385
348
-124
-290
173
144
-478
223
363
-138
-188
195
-302
-43
39
403
270
10
492
367
-111
-345
-465
-425
296
-474
470
-25
378
-80
498
339
232
160
-148
-389
37
-346
-299
328
-331
78
470
-72
170
-264
-133
-434
450
-89
-120
355
-209
-156
-470
102
285
-101
283
-101
322
119
466
-319
146
13
384
420
-67
-100
-58
-337
381
96
-109
-115
61
-385
-285
-442
110
195
321
-85
189
-425
-385
89
198
-428
380
-237
275
-466
-324
490
362
-426
-298
-70
194
233
-255
343
5
259
313
325
-115
147
198
-372
-321
241
-307
104
304
78
-157
11
-190
45
-263
89
159
-316
372
-414
-484
-310
464
290
249
326
287
66
106
-479
480
-246
-303
-495
-249
366
-63
-22
-88
294
178
-242
456
441
-419
429
487
-37
236
-464
439
216
-5
-27
-49
430
-440
-191
479
-456
50
296
-59
326
363
279
119
303
-231
216
150
-5
-316
-484
326
191
324
412
318
-177
-26
482
-448
267
-113
457
126
351
155
235
274
355
-412
479
-3
-409
-110
171
-174
236
419
-49
-153
486
235
-288
-146
-105
-409
-286
239
-439
84
-406
47
-44
333
-10
492
293
-215
-233
223
418
-421
-42
-398
8
89
238
-55
100
373
-372
104
-90
245
180
160
-98
-300
-241
-118
-178
-161
341
-197
102
-49
434
-139
-471
346
-350
-247
87
-85
244
-74
408
-337
-450
-189
-103
-25
-390
-59
46
10
411
341
303
324
-127
466
-132
283
-335
133
208
-473
-321
-457
437
260
222
-344
-26
-69
-64
-187
-337
278
-440
110
-68
-244
114
-253
-166
-398
113
-412
-409
291
16
168
446
24
355
-32
216
310
475
-380
-75
27
-19
326
419
-399
94
-286
-12
425
443
289
-231
-487
-160
345
-144
422
-310
-88
-364
162
53
496
-257
430
-377
-357
-317
313
210
-211
29
-14
379
-67
-88
-199
-176
-204
115
-132
352
98
-332
145
-67
394
-487
434
9
-108
-229
237
1
336
-74
107
455
-94
115
-327
-92
-277
-128
-443
-211
-233
357
343
409
-473
145
-407
-283
-386
239
-79
432
408
-65
195
401
214
396
-115
234
-285
166
-479
193
345
76
261
-278
-67
19
118
189
177
-387
388
-378
-500
-364
491
-342
487
259
-426
-415
379
254
353
328
-26
-320
335
-85
240
313
-5
-65
72
237
360
-488
-85
-235
183
-466
-276
121
-483
-445
-154
452
-411
-149
340
478
-37
438
-207
-57
235
-98
-308
-121
423
-12
-322
234
-479
213
267
-17
156
424
127
251
3
372
66
100
57
-65
73
110
-179
369
13
249
-339
-30
152
327
-129
-465
-189
-183
-176
-124
-44
-299
-56
-168
-53
237
88
357
-47
-395
-380
369
-424
-314
-298
347
171
-64
-313
-294
148
-256
-297
-475
294
18
-229
242
-438
-251
-493
-76
-243
-389
-370
-420
-213
-252
-288
-352
-97
255
257
477
-52
-429
-324
-208
-143
-121
-280
-29
215
2
-8
83
-224
428
334
174
131
-430
107
-19
-235
-261
-179
7
70
-396
-362
180
-316
-65
-12
-35
-342
95
103
-197
252
351
247
324
365
-393
-197
-312
-180
162
-115
-333
161
404
41
-100
58
222
307
-122
-264
-398
87
-472
85
-457
-330
155
216
-254
158
48
-303
21
-315
-282
-155
-38
-388
-7
144
171
252
464
383
-224
-70
256
41
482
417
434
-442
313
482
301
-282
98
-297
-2
-277
-219
497
219
-249
-393
-464
236
298
-234
367
-404
-7
-183
62
-481
409
-185
172
442
105
85
-161
473
369
-238
-242
-385
-142
-50
-251
-42
-230
-64
131
-322
-340
302
228
458
-481
-332
-336
-470
283
-181
-51
-193
450
182
-261
-314
-411
-100
-391
-234
252
-94
-282
-64
-83
-98
-467
414
46
-496
99
407
-425
-147
64
186
445
402
-343
290
210
59
-177
92
-68
-30
-396
176
443
136
-202
321
-100
-372
188
-367
48
74
-398
-447
253
132
-413
470
129
-362
425
-476
-405
467
-8
490
-259
-280
-229
-121
204
131
-60
-472
-204
18
-16
153
341
-14
452
-404
-67
-366
411
278
-238
230
7
-485
-35
-338
-496
472
109
185
-488
-270
-272
-350
-120
-296
35
-155
-227
-251
142
-313
-78
473
-269
-246
246
-312
-149
-199
288
126
19
363
-420
-8
-201
198
104
-464
328
-130
-223
90
103
140
282
213
46
-46
188
-27
373
-166
395
-350
-338
295
-421
432
-171
-413
336
-253
200
348
352
275
-97
202
69
-213
31
-466
391
474
-468
14
11
186
-65
-97
406
141
-311
494
394
-285
214
375
-148
165
-235
-419
-444
-456
-137
-424
-423
-46
-407
-111
245
225
145
-62
448
-408
-404
428
431
355
-434
111
343
-89
-194
-50
94
397
-374
31
183
3
-264
433
-312
263
-66
102
28
-158
-388
-160
482
-219
14
-176
-187
-283
108
-145
3
164
-280
477
455
-29
342
-323
244
-178
291
455
31
-427
-453
-57
479
-24
486
65
134
-282
281
-298
-146
282
329
-413
473
498
411
-381
274
148
403
-199
-305
10
-84
109
-284
165
-127
-472
-416
25
23
217
308
56
-76
246
234
464
63
-46
464
-459
-286
190
-400
-29
119
-219
109
136
-29
63
137
-80
-99
-46
-335
-153
-435
322
56
255
-96
101
-248
-388
118
39
476
-454
-243
138
-3
197
132
-270
-369
-363
499
169
-200
-22
6
-71
178
-56
24
-497
-483
-463
-212
-303
-258
-46
128
-2
269
-144
84
-255
239
181
4
-288
371
-102
-483
163
-69
-496
-422
22
-20
-464
-379
-364
-29
-378
-223
-20
-416
-175
26
138
-46
-289
130
157
-475
-252
339
-470
160
401
13
475
42
-326
-488
161
-96
500
-259
-375
-277
-87
-242
-483
405
284
304
345
408
-412
133
-428
-20
454
85
13
455
-477
-156
98
-343
477
-139
490
-491
441
-472
352
296
271
134
242
-383
-284
-177
99
-262
-164
397
-446
54
11
-254
18
-168
430
72
-390
389
-493
-55
-85
166
-216
-402
-449
46
482
322
349
287
291
448
-312
354
402
394
225
-234
121
-101
-91
-28
-446
71
338
71
-215
-309
-355
-330
70
-242
282
234
112
471
-481
275
346
220
-202
311
309
-443
-281
420
494
-145
137
178
-213
-451
-145
-119
70
173
128
188
103
-99
402
-235
180
171
258
64
496
-164
-239
131
121
80
-287
185
398
274
301
-195
387
296
-214
116
-375
350
-61
422
-283
-430
-270
-459
-397
-467
-240
-178
-27
272
-334
450
-165
321
-278
-408
-244
129
-451
-180
319
-46
-308
-186
197
74
-343
-237
-321
-234
-299
-157
-479
54
372
-277
-379
249
-45
20
-390
-270
-116
-241
63
34
116
-402
-476
23
188
37
-121
254
-219
406
-366
-342
182
-417
-57
105
-141
-266
-461
463
-88
216
-285
373
-242
111
-454
88
-34
-378
-456
262
-488
-213
316
-98
175
110
283
461
-261
-131
-24
-349
-224
-148
-209
276
-436
145
163
-153
57
296
246
363
-328
220
213
-409
294
-115
-465
199
378
152
-86
377
-68
-481
428
319
336
-107
-107
-484
72
-403
-489
-437
444
-406
-393
171
454
-272
494
-137
129
-377
-259
135
459
-367
138
314
-392
-110
1
244
432
-336
105
255
-216
-468
492
-305
139
-398
475
-356
430
151
246
386
-409
-103
-193
246
488
-383
315
-429
358
228
38
-199
49
398
243
472
-4
-164
-431
106
122
396
174
388
-152
-365
-199
-157
-413
-42
-337
-306
87
38
-379
-434
131
436
155
337
439
-495
-265
-384
-205
332
-437
-383
-107
41
64
485
-304
498
243
264
-35
317
409
-476
-124
156
-445
-85
-458
-37
-99
-215
441
-360
-47
-364
-382
-380
380
404
-162
-65
-97
-159
-274
-76
216
275
-4
-338
-258
-132
-381
-430
366
264
-393
135
478
44
487
-123
-411
357
31
-464
395
-428
107
36
191
500
-128
-72
-427
-356
234
116
-375
58
167
-194
-118
-337
-478
196
-172
-251
329
405
436
169
-239
314
-256
19
394
-484
-334
234
193
479
125
-165
50
-209
329
156
-161
180
341
-338
-411
245
-142
55
408
-199
-262
485
431
-298
70
326
-423
-145
204
498
-304
-358
221
279
-446
160
-339
-20
337
29
270
135
-361
455
-262
178
-194
-10
447
42
264
-100
-346
-372
-436
88
-256
-398
-2
180
304
328
392
412
125
231
155
490
-449
183
263
89
-492
134
338
256
-169
-139
-421
-398
-5
-433
-458
160
284
290
-111
64
-364
-95
-10
343
-435
238
33
-400
-264
196
-255
127
-196
85
294
-409
-346
-359
354
-33
183
143
-407
-251
-375
391
-301
-167
432
303
-400
-382
-216
-99
-441
-358
-403
338
43
-479
34
46
386
-331
463
-42
345
106
-164
-129
-337
228
-486
-48
-153
-445
-395
21
202
97
-484
-26
62
-389
-337
-329
-4
-412
121
17
485
460
452
159
-331
317
394
144
475
-180
49
-484
-64
41
-354
-458
20
217
397
124
-131
42
-284
-478
216
-68
166
-317
-446
414
416
137
288
406
-229
-410
470
382
136
11
18
-116
-129
412
-291
373
-196
-142
362
-167
-77
-449
-28
300
-190
14
-388
-390
-63
91
127
60
471
-306
248
422
49
371
-200
-239
481
97
382
385
288
298
438
238
58
-241
16
-130
-32
-140
-171
121
-130
-20
-203
455
380
404
109
-225
-184
472
-127
-263
-102
390
279
-424
226
419
348
418
-125
44
-463
400
-234
345
473
-19
-9
347
418
196
-214
-72
-486
288
-311
344
100
-419
113
194
-371
-160
121
-167
-277
182
475
53
242
72
-172
324
157
-105
5
355
11
-255
-20
169
284
288
104
219
180
397
205
-123
463
-131
24
343
-500
-166
-19
317
185
-60
444
133
-69
-475
250
-134
-323
179
250
-381
-118
-269
-381
-438
-189
353
-276
255
14
-116
327
-474
-14
-496
173
13
423
427
366
368
-361
-185
-204
479
-170
-480
345
144
106
-122
16
-69
415
241
359
-333
-327
-355
-457
248
-429
-121
182
131
404
66
386
-357
129
-80
205
207
-430
-62
395
12
37
-97
-398
-6
479
-220
205
-165
174
-320
156
-409
-88
471
279
306
116
35
-129
-313
-111
-472
110
-148
380
161
-494
-121
-39
-63
74
134
-271
-202
208
-6
47
133
-114
439
249
-29
-169
-323
-240
25
254
-3
-326
-423
-219
351
406
421
-265
12
-459
-255
-189
-334
464
243
-16
-242
450
-373
-93
-433
207
17
213
-484
-69
-297
317
-186
487
498
-173
-343
-403
-290
439
-493
-75
-117
38
-457
-339
363
-383
-435
476
372
-171
-271
-430
-67
282
-13
68
-143
-230
-211
-354
-223
-122
-106
-89
245
192
-332
-75
489
457
-213
-131
130
455
428
414
-44
-307
-132
128
155
392
440
384
323
430
-365
-390
420
334
153
-497
-282
347
200
289
292
-340
-147
-160
65
-3
150
424
-238
417
5
87
218
199
406
271
-168
-429
334
-283
177
326
178
-396
7
305
-225
296
323
359
-482
-426
-238
463
-443
-469
-30
446
-44
123
-153
60
318
320
-350
-369
306
481
-150
115
-188
-211
-377
-425
497
-469
-474
-26
384
432
-23
64
96
-372
-487
336
-70
-392
203
367
-364
348
364
130
-218
-480
-362
-69
87
202
-428
-248
84
-444
456
485
145
158
-205
255
347
-163
-278
-166
172
438
-403
-96
324
-272
348
99
87
1
42
214
490
98
108
131
129
-378
-252
18
-12
355
45
352
-209
422
107
-140
-12
-363
-499
398
-60
159
249
-388
466
-119
-196
141
323
-155
199
26
-30
329
-380
-156
2
252
-492
-10
381
-467
-99
-480
171
-350
428
79
263
487
-132
-82
-457
383
472
406
20
428
-481
39
-42
20
264
-428
-4
168
-56
-269
-83
-461
-43
406
-239
181
-242
-370
108
253
486
-397
94
-125
-314
162
44
-450
-488
148
-190
445
47
215
-203
26
-148
178
-487
391
195
-196
-174
-324
-1
388
-299
122
147
500
303
-38
448
-192
17
-235
-134
449
76
469
-243
267
-189
387
223
185
-412
-476
438
-294
249
-164
459
-189
-384
-111
-13
169
-265
-37
442
-14
444
212
156
-334
34
287
110
27
132
-121
-14
346
344
266
103
138
-268
427
355
329
258
-381
91
361
-44
367
-269
-337
-94
-397
-381
-242
-383
-73
-428
126
-17
-52
-413
330
392
-14
-409
273
-452
-198
202
482
-108
-321
-455
221
451
77
183
320
-103
235
-184
-13
-175
-469
151
460
3
294
225
-428
-285
-39
411
42
-191
23
283
-10
246
333
427
154
72
388
461
471
-320
-213
-366
243
-31
431
301
271
-418
-442
396
-275
42
-262
-476
-247
240
25
-215
163
-33
-59
34
379
433
296
414
-294
232
-456
-287
-3
-162
-133
294
122
389
-158
9
-373
356
-268
238
-224
117
-177
382
-430
-205
-420
357
-324
-221
167
-18
-170
207
142
499
414
-44
-18
269
469
10
472
429
111
-278
378
316
-169
-486
467
175
100
-471
-144
-65
-213
-500
-440
480
-77
327
53
-2
-164
31
-471
-11
-424
187
-220
178
325
-116
105
-315
-353
-135
284
-126
124
-78
-362
-164
69
351
102
-220
205
191
432
-490
148
-190
261
378
472
478
42
-117
-492
398
-496
-20
-454
-9
216
169
122
294
174
-266
-126
-478
-385
-277
61
-469
-293
256
-198
131
263
277
157
-266
241
-476
275
33
-46
35
-484
-164
491
22
-184
-102
451
330
-448
-438
-127
53
366
-61
395
-18
98
-155
-100
-276
328
229
255
-387
-153
391
237
182
-29
-14
337
-301
213
22
132
96
174
238
382
-131
-449
-315
-464
288
237
415
-332
-7
-171
-356
324
262
275
427
-123
-192
-79
-257
-1
-35
-344
311
-164
218
345
-136
-24
166
396
-455
-150
-90
-151
270
-389
390
-252
-407
17
-250
198
30
-283
-20
-288
198
119
164
133
422
-236
255
12
-404
-286
-390
39
205
114
-1
198
-338
485
-87
-434
-140
-319
157
55
-358
213
-323
166
-74
252
-180
271
-266
18
373
360
-120
-406
8
337
300
-113
-302
150
58
448
-350
-255
-473
467
223
357
4
120
-222
378
-5
143
269
181
194
-63
-345
159
90
-163
452
-155
282
467
-229
24
-334
-40
-459
-428
-347
196
-308
10
480
-209
192
387
136
476
196
98
-166
-131
-357
-276
-48
396
326
252
77
237
322
-242
475
-321
-216
200
56
5
389
117
252
-292
-418
-382
3
-263
240
-282
-221
-385
21
-317
-416
489
102
-241
118
-429
-75
29
-428
402
-294
-382
-285
450
352
382
88
72
-476
41
-344
128
280
-496
-447
375
-81
254
24
-170
471
-142
-422
-247
25
490
258
-287
-273
245
-180
-459
376
-125
417
274
346
445
129
-165
-480
-22
-271
274
-91
-263
137
-31
-434
-411
451
-237
100
-64
-373
-382
382
88
-212
196
379
73
-179
-27
-260
462
-122
-6
-380
-450
296
103
-235
-329
52
-248
483
445
-425
274
-410
-394
-435
253
468
-65
34
-440
358
214
294
339
283
438
-255
-391
-448
195
183
195
-149
413
-427
450
121
-193
125
-191
314
-114
-340
-231
289
168
372
122
-122
-203
-387
-332
-316
-422
55
-347
240
436
-464
-365
92
-224
395
484
-380
-64
339
273
-419
-94
306
342
-399
124
444
116
-21
499
184
432
-169
329
-389
-161
295
281
-193
-145
-399
455
256
-377
409
193
-357
-155
-118
33
-84
-314
447
-479
-216
-231
-391
-457
-255
423
-208
-255
-239
91
393
-363
315
-355
271
401
455
-101
316
-492
-390
232
-30
163
396
124
375
264
-163
-451
450
420
482
-250
77
-367
155
-64
-85
-452
479
-267
61
-42
-147
157
-344
-1
96
-123
-490
139
-88
-328
-429
152
354
259
449
138
-294
192
-370
-462
442
-137
74
76
-477
334
182
311
-404
-450
371
-448
-381
-301
-331
214
346
204
125
81
-182
7
399
399
387
154
435
-421
239
-65
-483
343
129
-248
325
355
-241
370
-179
440
-116
-322
-194
-364
463
3
207
273
390
-88
-348
221
-304
-227
359
-47
260
23
111
386
-314
18
-232
355
-311
337
-385
-246
-148
170
-138
-479
85
-350
-387
-268
-122
221
77
-475
18
45
368
90
-262
21
476
296
-500
-254
380
-87
-307
354
383
270
139
302
-105
21
151
-266
-40
-185
-207
426
-461
-87
320
151
-269
102
235
414
295
206
476
71
-33
56
-194
326
-493
421
353
-15
-491
-29
-19
64
377
258
240
368
83
11
404
430
248
209
-422
-222
338
-137
192
-170
-469
421
-254
479
211
113
-325
-11
-393
-173
442
227
144
136
64
403
-231
240
112
-321
208
437
-475
105
166
182
-171
386
272
-148
326
-367
-374
-41
324
308
-294
-64
191
-136
444
464
-225
427
371
-330
-126
-253
302
485
-154
157
36
-216
-387
84
168
-445
397
388
447
-463
-414
-72
-8
-342
-349
109
218
112
-176
-436
242
237
-252
-405
-342
271
83
472
-399
252
-311
132
-185
-134
438
-205
-450
317
-65
-400
90
-162
-12
-262
446
-157
374
286
-30
419
489
-146
65
139
-184
-37
208
-445
-332
-129
220
34
-73
151
-239
-70
-193
-165
178
388
342
135
-122
-269
286
231
-182
97
84
-357
316
50
-141
-267
19
-180
78
410
-393
-153
-75
183
147
11
-26
52
294
-350
316
-253
270
195
246
-47
-282
-317
81
113
-278
-457
492
-144
110
220
109
260
404
226
-58
289
470
-196
-104
278
433
-184
242
208
320
278
399
-307
491
-452
-304
-388
345
-325
391
-329
335
-247
-338
428
-382
-86
242
82
-425
-281
-274
-2
-250
66
-427
464
405
-338
-165
401
-471
325
-379
445
441
-31
-392
-332
-358
283
291
-46
-456
439
-149
165
-325
332
-396
5
1
-51
68
35
280
210
-62
266
-139
-137
43
406
291
-70
-14
-23
-110
-407
-455
102
-257
304
67
-336
-274
491
273
184
-134
250
-327
161
346
-113
8
-34
27
83
-408
297
-390
498
-184
-226
434
465
248
-197
-193
392
-25
465
-264
-143
-464
353
227
15
32
-229
215
-226
318
54
-232
211
372
-307
-222
306
-390
-38
-8
-27
-293
4
-448
-469
152
-276
469
140
162
475
397
68
438
-403
158
485
184
457
-218
397
448
-253
159
256
339
-203
-11
22
375
394
-353
481
-366
168
-362
-453
237
-226
98
216
212
173
-188
-171
-118
-93
442
-6
10
-391
237
181
49
369
-387
-84
-2
321
-450
250
-54
38
415
-303
216
-295
36
426
-380
232
378
365
71
-68
-176
88
-160
-225
-168
-498
220
336
267
340
-57
-413
386
314
463
477
-199
-368
188
-433
119
238
222
-92
336
134
3
-326
325
-344
21
426
-384
79
-385
-426
-440
-340
-238
149
-363
466
330
253
-431
-441
417
171
158
-371
-259
44
-460
361
-315
-271
-292
-42
-27
275
392
-408
80
-107
-327
280
-273
285
-206
-430
-154
-197
435
-66
33
417
55
232
-403
372
-315
-314
-474
-320
-243
-200
449
342
135
344
-248
91
85
436
161
215
458
-63
127
110
132
266
-205
-463
15
6
66
-63
-419
136
-306
54
380
-194
-499
376
-113
-210
249
-156
478
-24
-259
-193
-86
257
180
155
-427
65
152
56
82
81
438
-93
399
-459
-204
-335
479
-181
-401
217
182
253
222
97
75
-134
-415
-428
344
471
-36
337
-395
-173
351
123
-171
366
183
195
141
270
-56
-368
83
446
-142
133
-299
332
-195
181
329
-257
-9
269
-280
-204
235
-234
409
-435
-461
-88
374
408
-373
-433
-135
-213
-141
293
20
256
67
71
169
-26
-73
-388
32
14
384
107
-136
162
301
197
450
74
-442
-493
-149
-239
-132
-168
-421
-68
128
-322
494
40
438
-113
189
-405
-330
239
415
200
-103
209
-49
328
-450
-440
133
237
-216
458
36
34
258
343
-250
-217
409
375
201
-134
-351
-94
53
53
180
-173
-371
-80
-478
300
-465
-79
440
331
-156
291
-37
490
-215
-357
52
-109
234
-51
-110
439
-366
-447
472
446
-241
-134
121
-365
165
-228
-250
140
24
-196
-39
-207
153
-210
-431
-251
-391
449
-8
346
-35
-389
409
-268
218
66
98
161
426
374
24
-29
10
425
-290
189
343
-108
105
184
339
-78
21
-187
107
-303
-186
44
-307
211
-239
420
-476
-332
-403
-402
-264
178
217
230
425
-454
-363
305
-467
-266
-415
-285
212
-471
-132
355
352
-178
-396
393
439
430
344
-471
250
-14
-420
55
-416
-246
-398
-442
-132
-318
-27
-348
55
266
12
-208
472
-426
21
23
6
483
369
152
44
28
-178
35
-153
132
-37
426
-61
399
-332
18
190
-240
-425
58
360
-38
-460
-270
-372
276
240
-416
54
383
236
223
400
483
353
-292
-126
250
-400
-198
420
180
-175
-461
-409
113
-243
69
-297
-467
-92
362
-86
-303
130
258
-473
210
-32
-375
13
83
324
-398
-203
270
121
-12
-243
193
313
422
387
-432
302
358
295
70
-92
238
331
-89
139
-159
413
254
-302
-11
-307
107
-249
422
-405
162
459
291
407
242
-479
427
253
-117
-354
-243
-69
268
314
-361
-181
-214
-421
-430
383
-372
73
252
477
379
495
-491
-471
380
447
-1
-262
-267
-219
-8
-369
463
177
-266
-83
-484
-266
139
-232
-19
-258
-306
-234
-201
270
-55
-88
-78
231
418
488
390
376
-488
-46
-286
26
-322
165
-213
231
71
284
-83
-492
-327
403
-231
244
-386
225
-92
-264
10
436
-361
-488
484
81
-285
-67
-51
328
247
-1
-361
-305
475
-366
496
206
467
-288
465
16
-440
-362
51
-273
261
430
-498
-72
302
456
238
-153
-355
154
308
-69
-251
239
119
-98
283
-500
261
-252
-9
-359
-369
-450
-451
-42
272
-7
-41
-322
-255
38
-447
-318
-108
-269
-277
-362
-139
368
-414
348
-20
207
-99
-219
448
391
293
-101
278
16
-498
199
-189
-225
-475
-287
427
54
-22
378
28
364
477
220
334
-309
113
-466
73
-403
-263
-41
-183
-213
-366
-174
359
-213
1
91
167
164
407
-80
320
26
-171
-271
162
58
-74
-420
267
-268
65
101
-257
11
-394
-142
-71
-296
-234
-95
50
-422
-383
56
-475
417
-181
-270
281
101
-370
-389
410
-182
-250
38
428
423
302
459
301
315
392
-420
-364
-347
-262
-173
-419
314
-130
468
-312
367
-368
389
-200
-151
-287
-264
-91
-383
346
-23
409
432
-189
96
-290
114
-287
-326
206
78
46
142
-451
-488
80
-60
348
26
-392
-37
-83
-338
153
-357
139
349
-276
320
-15
23
-319
-82
-74
-202
229
-145
388
182
-145
-397
472
-467
-237
474
95
345
77
78
-34
115
18
74
242
445
293
169
88
-12
422
75
-480
429
-345
-207
286
141
81
-209
469
-208
495
26
-11
-406
22
448
-399
58
-383
122
-86
472
-476
-488
333
-206
70
-409
-269
12
293
292
-336
434
-114
-386
-317
365
37
236
47
195
-174
-197
417
-233
-168
-401
-374
221
390
-185
-464
-498
402
-368
176
-66
166
291
-471
-292
-47
-141
27
406
467
-122
140
-430
-353
490
-360
-377
-317
-108
189
425
-91
-155
-427
-33
151
-323
274
332
-50
154
377
-435
-197
-481
441
120
-471
148
335
-290
335
-276
-365
-234
429
323
418
499
-298
499
-385
-269
393
252
-97
-213
153
39
-96
431
-160
330
-9
192
308
-44
-309
47
-229
429
339
-255
129
9
-66
248
-192
-303
-406
6
-184
-404
362
193
-248
-414
-262
-78
462
-114
-25
252
-439
-416
49
56
-470
225
410
421
-39
244
2
191
407
490
165
-147
-297
-446
483
-79
460
284
221
-27
38
60
-90
-3
54
427
-234
-321
-136
376
-267
72
-257
96
60
-238
-391
136
48
-477
-130
319
477
-394
-405
231
-223
398
158
457
-115
-313
-492
486
-86
140
-366
78
97
455
-240
-173
488
-442
-63
362
-93
-184
-123
-123
-132
423
220
-340
472
318
-481
173
60
-114
-13
300
-150
190
153
480
75
281
404
-112
415
86
419
364
373
100
453
492
-382
-374
-494
318
-257
-363
-219
35
-403
-29
378
298
370
137
296
-423
-309
212
150
-370
127
-66
207
-478
-219
-430
-398
-348
125
88
111
-99
307
220
339
-362
322
309
-27
138
-292
-342
-296
-456
172
-341
54
201
249
316
-11
-52
105
361
-146
377
66
-126
407
-281
-124
-361
-61
-37
482
397
31
324
-308
-268
183
-390
-362
-110
97
346
-12
-398
-267
382
-288
240
226
-455
-249
-486
365
180
-391
494
179
207
-44
-263
39
-59
423
144
-362
-181
-320
-41
-41
-410
9
418
-241
-376
229
-96
282
-93
-452
-352
335
-424
-198
337
-185
-169
-149
-379
211
174
393
206
-423
378
34
-189
262
-22
77
197
105
454
451
142
-87
100
85
153
-103
-382
-260
-5
-182
-480
384
-19
40
241
303
152
198
368
56
-290
-51
-295
241
332
325
180
-487
-197
-170
17
320
-362
-420
-299
250
-133
260
112
226
423
-254
-260
-300
267
393
441
-452
229
32
-346
116
82
406
-375
-136
183
399
130
-398
167
179
-3
-410
-1
259
222
325
249
-496
-362
-419
-21
486
-15
46
-173
-289
-354
-407
140
-200
39
-165
255
-410
-292
161
146
-463
-29
-342
-231
-378
-329
438
449
-331
162
275
157
-33
13
-261
-340
-319
230
-71
290
46
-231
87
-121
167
413
200
-126
-17
-426
296
500
-134
-274
-191
-151
-181
219
61
185
-122
-169
166
53
-432
459
-244
341
188
-81
177
-113
113
125
-170
401
406
-112
-363
-254
143
-20
171
263
474
237
-75
7
-181
-361
440
142
330
418
-418
-485
-384
-447
-365
-413
52
-489
-498
314
-127
-29
-435
-412
423
457
500
401
446
437
56
150
-497
-234
134
-173
221
-327
-370
-421
67
134
-318
-449
382
75
234
-45
-363
226
326
257
-98
-202
321
-261
499
454
429
81
287
-246
-380
251
-69
239
374
441
78
-440
265
-285
94
-79
-140
-332
314
-447
-368
-435
174
-331
-169
19
-414
144
-158
441
167
-275
179
-234
183
-186
-378
-487
-293
99
88
-207
-76
180
-279
-486
141
253
365
312
-166
97
-116
-95
400
-370
311
-489
427
-120
-289
-151
365
248
-388
-277
-55
96
-456
-80
384
343
-25
82
499
-156
307
216
-209
401
-22
-150
-51
-247
-436
362
275
-15
35
-250
-297
321
-212
-276
500
-16
-354
-98
411
411
170
165
476
-243
-275
43
-398
176
-401
29
127
-422
210
-385
-363
465
-67
-476
-310
-51
-211
-156
-457
217
283
-257
289
-390
198
118
-69
-92
-212
-177
-287
-105
321
105
93
134
67
284
69
-354
447
326
-54
151
485
286
55
268
152
152
-194
119
176
116
-75
11
-440
38
254
-258
-16
-10
-435
444
-150
-331
381
104
-351
-302
189
448
-149
121
173
141
-423
-258
428
-444
-297
421
-223
-234
-244
-499
347
60
431
-398
-59
-292
188
-339
-251
192
-56
-225
137
352
494
312
296
336
-52
-329
-271
-92
169
73
212
467
378
-47
-150
395
-249
-483
-78
271
-50
-240
220
278
262
308
116
242
466
7
-186
258
107
-479
-58
-314
-348
-428
-386
-455
-56
122
-36
165
-151
-116
72
271
-113
-363
-498
-277
230
-412
-410
263
128
137
-247
164
472
234
-153
-222
254
-435
261
-97
416
-106
373
291
-252
164
229
395
-107
-244
134
23
49
139
168
-299
-243
408
-272
-116
-125
21
106
53
-44
470
-261
65
449
-118
-438
200
-320
-296
-305
114
189
-282
49
6
-131
270
468
200
37
33
234
-155
-339
144
-360
72
-391
343
188
32
323
209
135
206
-226
-146
471
12
249
-452
-412
-157
378
241
-346
384
-74
-458
-1
-380
-403
-185
325
-183
-351
-181
158
64
-336
101
-78
350
-77
359
-471
-303
264
247
-184
161
-63
297
-179
255
-165
195
-339
-394
351
492
491
195
282
342
369
-500
343
151
-156
36
260
-63
-275
13
-209
-447
-299
-453
-82
46
295
-381
-340
-160
436
-315
-426
293
-334
325
-310
240
-412
-188
486
-443
277
419
-353
-111
273
483
-303
398
-82
-178
493
499
110
-397
-419
376
-161
311
-372
302
-347
343
-60
-286
-463
32
381
-360
216
85
-95
329
254
-270
-61
-271
355
-58
354
56
307
-272
-118
-178
387
468
222
237
436
-102
77
404
484
347
305
153
-490
299
-55
442
238
423
206
-435
-165
-137
-408
-174
2
-229
423
416
306
-20
190
301
372
-386
-382
218
-357
289
395
155
482
202
264
-316
-332
429
-298
-447
-452
246
153
381
-318
-273
-131
109
-310
17
-427
142
168
-278
299
-134
-57
84
-342
219
-132
372
419
375
-289
301
-223
472
11
-356
473
60
-368
-240
-106
369
-450
-500
220
96
-265
222
338
-378
442
-157
221
-445
-359
-298
142
-202
-406
-460
-76
-133
451
328
48
-136
438
404
-9
247
33
-331
-211
-266
-233
-241
281
150
-227
19
182
-263
-446
-278
16
-321
-69
-222
182
396
212
-224
9
223
-350
-10
-395
151
440
294
453
-2
-265
-300
210
-362
331
-413
457
-76
376
-338
358
111
416
251
18
389
475
-229
-384
-105
-175
-55
-154
-438
-216
300
-263
370
-314
-46
372
114
123
31
-432
-220
-153
237
405
-335
-448
-192
-43
-388
181
187
-368
400
142
496
-65
-179
-490
23
89
13
-491
-247
-266
-390
68
-500
377
425
-328
91
135
109
-185
-18
488
-310
234
-12
191
446
477
193
343
-371
-36
63
-231
-294
302
189
341
268
-54
74
-179
-2
-464
-8
310
477
340
-16
-211
486
-121
-302
171
-36
-348
-468
-129
181
-162
-398
67
317
414
476
-142
137
135
224
7
29
369
381
465
-88
-250
98
360
222
247
-397
159
-151
472
98
133
-333
-123
-498
-274
-212
-71
340
223
-204
260
-358
134
-211
-383
83
-435
17
-128
-144
99
425
-164
100
327
356
-403
-3
-222
-140
-22
-120
137
-13
151
-165
-11
-418
-355
-61
-320
266
-131
258
483
457
-119
-460
213
19
129
-112
-273
-314
-47
307
292
-88
342
274
243
-327
307
116
-260
-383
318
28
-24
216
-217
-437
-96
-430
370
-261
-434
-473
-374
-259
-223
-22
-135
-130
-391
228
-368
-115
189
-401
-247
-169
-248
-420
-230
-255
320
492
324
-112
-466
321
4
297
-478
-250
-358
404
-60
226
1
241
256
-274
-354
293
226
-153
-48
422
-147
-251
-89
-109
-477
437
315
-298
-411
-149
458
82
-55
-413
-184
128
4
334
-32
241
-278
-487
-355
162
357
28
253
-497
344
410
-243
-357
-416
-339
133
-456
257
3
-228
-376
-475
398
-14
34
304
384
-481
-293
430
-343
-211
473
242
78
139
53
-357
341
345
227
-318
-195
351
193
119
-343
334
296
-291
44
327
-43
-47
54
258
40
-391
-372
-221
-21
100
168
179
9
336
-398
-148
346
-324
86
-179
-155
-360
-310
-92
419
-195
-125
49
-342
185
-47
180
27
-291
-84
237
-40
-265
176
180
-47
181
-247
-304
-114
329
-320
-53
12
458
-313
-334
290
-202
454
60
-255
-172
-470
90
-463
243
426
128
138
-32
279
303
-463
-34
385
-418
-335
-140
65
-387
-148
-310
-424
11
-23
-13
407
371
319
286
-498
-342
293
136
212
-385
151
-432
-132
136
-484
-456
463
259
230
-484
-249
60
-307
-398
-217
376
476
442
-250
-261
-225
-123
-42
468
427
499
-276
-215
-255
-100
394
338
284
476
-356
-266
-451
267
269
-263
-186
370
321
-44
-197
-46
-120
460
162
436
-171
-98
-89
113
100
53
137
247
7
32
-434
-294
-460
457
-188
140
93
-479
-103
-39
-467
-486
-14
-61
-22
-223
170
-9
-269
251
358
314
128
132
-384
-432
263
453
149
-296
-106
-127
35
-405
101
-259
46
-408
-365
-404
-210
98
252
-248
64
-71
-62
-445
-332
399
5
-390
-230
224
-336
-343
-461
18
-491
113
-310
-224
380
-467
-18
144
-22
-72
329
346
-421
-211
128
-94
-494
-172
390
174
64
-482
-5
-103
-157
-277
468
-151
310
270
89
55
-70
-386
122
-229
-199
-266
-335
229
41
-477
-128
-397
488
-375
-31
160
-156
-60
105
461
499
-7
94
-324
-241
144
428
-306
207
-492
-110
-337
197
41
184
-104
-228
-15
345
456
-139
-453
-140
481
438
82
-123
312
314
120
353
-180
-333
-401
-33
262
-456
-236
-472
-441
188
-457
441
130
120
-252
473
51
127
482
-308
-329
458
-358
281
339
321
280
64
15
-159
155
-199
-437
157
483
162
228
-377
-48
-384
126
-182
465
-314
429
246
-104
289
-269
458
409
-63
-237
223
97
-170
-310
127
98
253
-413
109
-443
56
-342
-462
131
-388
464
-151
-215
283
-172
299
350
-296
50
279
301
203
-347
-394
188
345
-390
211
-316
130
403
257
480
-15
-456
22
128
-399
387
452
-73
226
291
66
-430
-94
123
84
-403
-132
392
-115
-376
-493
305
337
239
-339
-499
136
100
-260
-81
324
441
341
107
350
468
245
285
-149
-144
54
-392
-71
419
213
173
-482
-491
445
-278
80
-136
17
407
-445
-153
193
-187
35
-92
-105
283
-377
409
371
-115
431
275
172
-113
-231
114
309
185
407
90
-41
97
146
-238
-191
466
-104
-68
420
-392
-446
-73
306
98
-35
-223
-60
492
-325
-221
-82
-137
-426
-461
385
495
357
-84
-325
-375
368
-434
416
133
-155
257
-39
423
98
309
234
313
-371
252
-77
-55
223
373
-415
-380
-358
-306
30
-361
-110
-110
473
433
318
-39
311
-339
-82
-173
215
-65
-188
470
-99
344
-499
52
375
314
-170
86
445
14
-134
-22
237
-422
456
141
-221
262
-437
189
298
-3
354
-447
11
324
-146
494
430
307
306
440
-431
-244
15
177
435
-278
266
-86
184
422
253
211
-331
-68
-464
-162
209
260
-339
34
116
61
35
-158
-54
-48
496
489
276
-462
-64
-133
29
494
330
-140
339
-326
346
93
63
-206
-399
-384
-250
413
469
-85
439
-365
106
-212
205
-318
-20
450
-50
-140
349
-122
-369
-411
80
336
-73
-285
-205
123
33
461
-350
134
65
347
298
11
-2
4
-416
100
39
167
-381
153
229
-465
-23
-479
-372
500
-293
-335
431
377
177
335
-360
-459
-290
-153
-224
-97
-216
-334
-400
256
-345
-488
430
122
-339
321
-456
438
-391
-264
-208
361
436
-10
28
28
357
-147
380
392
-224
-417
-492
425
445
-495
-48
75
50
-319
-350
450
-362
-492
-365
459
-95
268
-229
-467
-380
326
317
410
484
-444
74
40
490
-177
414
-442
-10
-94
-401
-412
22
-206
137
-205
-344
-454
42
354
-24
-385
164
446
-35
-412
100
215
-61
460
-36
-317
313
297
263
-385
179
224
96
-16
-208
66
251
428
199
9
-52
114
96
218
61
-145
-371
83
37
-97
-26
-50
441
88
-365
-375
421
280
-399
374
99
-199
386
436
379
-165
194
-181
-193
274
-365
-473
136
301
-249
-493
193
-318
-472
500
285
-255
379
113
-205
128
-33
-354
-352
-201
-329
-449
-385
99
19
-207
262
282
-398
211
-280
170
438
-479
178
-390
-373
27
104
-114
-223
426
283
-125
-102
281
173
192
-474
-400
-350
157
-128
-481
-308
-354
-415
15
-488
-376
-474
-470
-107
-257
-332
-231
-446
405
-70
305
479
-408
438
89
61
15
-122
181
-145
309
94
-159
-426
-113
448
372
76
318
-201
439
372
296
437
221
-414
-58
-68
-47
279
-489
-76
152
-139
165
376
-101
-57
241
374
75
490
-295
-349
52
-499
-353
-399
-226
-473
377
495
97
-375
45
-298
-36
251
345
-170
226
-436
-243
83
372
-359
-404
227
405
-336
349
-68
421
214
418
161
-52
-222
431
263
359
-50
475
262
377
-328
-231
110
-213
416
-207
-273
173
53
-298
405
-437
419
231
-290
-278
-333
-12
160
-266
-354
152
-231
121
427
99
75
-285
447
-174
-122
353
461
397
-88
-195
135
68
169
-149
-107
-426
-283
-176
-226
465
301
302
182
-381
360
-211
421
359
-467
-185
-254
-255
-321
265
-279
-394
-47
-341
-393
-498
297
-246
-486
-307
112
25
102
401
208
-469
394
66
57
169
128
-201
373
142
51
311
-440
27
-114
463
93
308
293
427
279
-297
260
332
-444
492
421
156
137
-400
-110
71
-293
189
-251
-434
-210
-437
228
103
-240
-165
-396
20
-2
282
-282
314
-230
-160
118
-10
323
298
-213
221
494
113
205
-422
-52
-318
56
-408
134
-265
159
80
220
32
276
385
136
159
129
-46
-284
13
495
124
-487
381
-164
127
336
-316
-410
-381
-197
-385
121
6
294
-244
439
418
256
70
258
-303
-355
-206
318
-309
-126
-340
-124
151
363
206
261
-225
-422
436
-492
-274
355
110
-65
186
-111
-437
-369
-151
-481
32
-480
257
51
-81
-429
388
332
456
415
-87
-166
-260
-110
265
-266
331
-53
-147
-280
-145
-81
-492
30
309
88
470
418
-287
-139
-117
348
150
35
2
24
-22
-179
-16
-460
152
-219
-299
-351
-163
137
393
227
-383
339
76
31
-466
-111
417
-306
-117
-191
160
-1
29
-101
121
465
-89
388
-166
261
-128
114
-441
114
-443
473
-344
423
110
-295
-351
232
63
-103
-38
360
-233
211
-391
230
127
-435
175
343
382
-13
-396
-171
364
186
135
-67
18
41
101
242
-473
-198
-35
-431
177
147
-189
31
-90
-454
-261
-92
298
-187
403
125
104
22
-363
54
-396
-112
-18
-136
-358
-331
-111
396
54
-306
10
331
-253
252
-305
154
-5
285
-407
129
10
382
-381
28
360
390
264
-483
-72
-132
39
77
-51
65
281
-221
152
-410
-380
466
-271
109
-75
-51
-326
-22
468
-407
-459
474
-164
-29
297
347
-376
416
-167
-181
-116
-387
414
305
7
-398
183
204
66
-162
171
-39
-322
193
480
230
-105
-37
-25
399
-53
497
-167
-81
-432
-95
-252
-148
-88
61
-215
162
406
-337
39
-462
-31
326
-157
429
-149
-190
157
473
-179
-312
323
212
-171
-159
-283
-301
77
-10
-32
322
-463
-81
-349
-364
-87
-420
147
-138
179
27
416
275
453
227
223
-165
-59
-304
299
-434
341
296
484
306
-230
124
-160
138
-183
96
411
91
5
377
61
190
164
390
-419
-309
-28
293
-330
299
-293
417
-154
-174
-402
-463
361
-364
-137
170
-449
203
410
163
-425
252
-356
-422
-175
-168
-145
-38
-282
29
156
-474
-177
-81
-172
-326
-205
-314
-246
-69
330
-496
366
-481
-436
-66
-208
-196
216
471
20
483
-374
285
-32
39
91
-337
69
104
-326
-96
-209
417
68
311
-184
312
-91
-176
-451
-483
-249
497
136
-321
270
495
208
402
298
-361
7
-39
-269
-218
-428
-260
-21
494
-358
118
-231
-105
23
-212
219
-302
-245
322
-54
-234
241
158
250
-417
-465
-234
-146
133
-344
489
-417
288
-130
-175
-149
164
401
150
-472
-258
101
131
-328
415
-107
234
-193
-184
130
5
266
-167
-489
317
383
-396
64
-230
289
-64
47
418
-319
-61
458
-227
-232
390
-210
-180
-279
-75
101
234
448
284
94
-233
301
360
357
-483
-480
309
-77
281
64
197
-160
53
-228
101
37
234
127
-97
180
-72
-450
349
-369
-381
485
-96
-9
-251
-484
57
-185
357
384
295
-32
222
246
-7
-199
46
-465
-327
289
-209
429
291
-56
-425
101
-2
-85
-113
294
-445
6
175
132
-443
80
-192
-416
122
130
-410
-266
363
134
181
94
-419
-116
-70
-96
-168
-163
183
-341
50
352
201
-370
-468
-38
-431
-274
232
444
137
-314
214
163
55
-201
-473
-64
-169
237
-437
284
407
-216
-447
-440
-198
387
229
-308
52
-388
-59
198
-384
363
209
-187
-203
253
-62
-232
444
-171
-167
457
-485
243
-296
271
-374
-499
-279
-197
87
130
-141
408
-480
-257
-56
-365
-58
-84
47
33
486
-3
216
-245
148
450
236
372
-435
-361
343
-30
331
-254
466
298
317
216
-499
333
-336
435
-140
286
-435
-63
371
-178
-205
79
-216
123
-176
64
-300
321
-179
206
61
392
138
273
-47
210
381
423
-165
-129
384
-15
-88
318
90
-84
-16
146
-430
161
369
228
-159
-345
195
163
-165
-261
13
-18
-102
-252
-78
270
-316
484
-300
-433
361
281
-252
132
121
168
-470
-235
-288
189
384
372
-388
384
-66
146
95
480
370
-262
4
123
115
45
344
-268
-190
-427
-494
265
-128
485
-336
68
-76
196
-259
53
176
-276
-330
-246
-182
-97
-482
234
-271
-331
-183
313
228
-338
326
360
-488
-19
177
337
436
33
295
27
-484
173
-256
425
492
469
152
319
-463
456
-102
497
-226
-454
-295
86
337
445
-242
75
-130
-52
372
420
207
473
167
345
498
412
279
70
-255
-208
383
231
-326
293
-152
-30
87
-167
471
-145
310
-260
-52
204
344
303
-193
-238
-314
-215
242
-323
247
81
-500
-185
281
398
275
-138
-12
345
-473
-222
112
251
180
-183
62
143
-488
371
273
100
-369
-165
178
-84
-91
436
-240
-57
259
-346
2
383
316
258
-21
135
95
269
309
422
157
103
43
-316
398
-123
150
-389
258
-54
3
-168
-488
369
288
196
146
341
-457
-489
318
-254
116
-432
288
152
173
387
-255
457
-45
-487
-450
378
484
261
478
-268
-156
-467
185
-233
437
-18
-374
234
126
-108
-48
481
-353
-333
255
-423
300
353
7
-341
204
134
-332
496
88
-32
-89
-167
254
270
-99
-418
82
383
-354
-31
-82
-135
31
-370
-233
254
413
261
-420
-174
-224
-417
360
394
-22
271
-87
16
-35
236
286
88
-409
365
380
-347
-129
409
62
202
-225
186
378
-429
86
-179
153
69
-116
390
472
-99
-498
-89
-309
143
-264
345
-29
53
-438
-485
-499
-152
-487
-109
276
-58
214
-333
-437
55
-304
341
173
447
-124
201
-485
236
392
430
-52
441
134
287
-249
270
-241
-384
3
25
-262
-249
-76
218
328
-135
134
-144
350
338
-273
-150
-218
-427
-364
347
-176
-372
78
-218
236
285
427
137
359
374
-81
-144
58
-18
22
47
-458
447
-7
-441
-16
-112
154
-219
-221
-143
117
99
-358
-96
480
-75
61
-473
-186
309
-140
145
168
305
456
190
-235
247
-405
470
485
-323
-66
112
210
453
341
-141
-460
396
394
-488
-374
-220
76
-163
-234
106
281
-51
138
-338
100
486
-425
476
466
446
197
-117
354
334
-265
387
-157
34
440
272
-350
100
138
-92
-38
-442
-202
-6
-338
142
-278
-147
465
-228
52
444
257
-175
117
497
-303
388
-497
58
233
-436
-228
-445
-264
-95
172
-217
81
322
-157
352
256
-463
134
-87
220
-377
105
139
493
-183
-272
92
290
49
232
406
140
240
388
139
-348
-55
336
-321
426
-494
-402
-49
-499
-138
-498
-217
-411
411
282
-407
-65
82
154
230
-405
-276
308
498
421
-36
179
56
-210
389
16
121
-256
-482
103
-487
-434
314
-86
47
-447
-424
-335
216
-446
-35
398
-43
-357
-62
235
-467
-310
409
91
402
-38
163
305
417
-481
212
107
32
278
-423
-141
180
169
-347
45
-297
-72
455
337
126
324
197
92
-393
321
381
204
-413
150
131
-7
276
-386
-455
-103
-39
418
-356
-463
-378
64
246
319
-139
418
162
197
2
-168
305
36
197
79
-462
-301
325
97
-131
229
383
-39
-69
-482
-318
-26
-420
-466
-14
-169
85
314
333
479
325
-234
-354
251
8
-493
382
-448
78
417
-456
-66
-54
449
289
350
-135
-320
355
-411
303
188
-420
-485
48
89
-486
-43
-33
426
419
433
-358
42
-322
76
-354
308
399
270
193
450
-12
217
-484
-364
417
456
48
487
448
-495
326
74
-94
170
202
-463
-112
-257
-321
-498
-417
11
449
334
60
197
130
108
-114
9
398
29
-151
105
405
-208
55
-286
-215
-399
448
-158
-366
301
44
294
281
450
107
-402
-157
-333
-327
-214
-238
-315
-207
262
-238
-51
371
222
-167
-82
227
285
92
-94
235
459
419
157
-246
198
481
-264
93
3
158
-33
68
268
-433
78
-168
-140
-310
212
-215
38
-158
48
287
-10
134
-329
-359
-361
457
459
-475
-212
395
339
-333
305
177
241
402
408
-293
-237
-333
-442
36
415
-499
-295
49
-2
9
370
-158
-148
-361
-94
-292
304
-428
-414
145
474
-454
36
-400
-382
343
93
362
-58
-295
-375
-482
-211
423
-372
-453
211
112
-407
-283
420
-40
-125
252
-124
-334
133
177
223
-468
-166
439
326
-123
-62
21
31
-493
-463
-338
-290
-85
486
266
-360
-303
-153
-402
291
-211
429
-334
292
115
69
341
123
281
-186
-316
-280
-69
359
411
-494
-2
352
382
-161
398
-448
-88
-163
179
416
392
-113
127
431
-121
157
-346
-458
-153
-224
-348
-288
243
304
297
-415
-414
-148
-499
-77
-2
-242
242
-75
318
444
-471
-100
-180
133
123
-164
-75
76
-389
-193
386
237
-134
22
111
117
-195
-293
120
351
-473
-279
-325
121
-7
103
248
20
152
-333
5
343
-165
-74
61
27
-437
82
160
-474
-15
-59
416
-143
-118
329
-423
-323
-306
371
320
401
202
18
183
27
-68
-459
163
-51
76
404
51
-85
121
223
352
-197
-104
-414
206
484
25
257
-45
468
-187
119
-96
-93
-159
157
-438
63
-68
328
416
46
255
129
110
-419
467
-33
-240
-280
441
408
290
419
446
-131
59
-303
479
112
-27
-385
67
56
43
204
272
-362
-81
419
-27
-388
-225
-398
-120
-292
-39
-139
-95
-412
-30
-121
226
363
262
332
330
-374
-409
259
-280
-174
227
424
8
459
-450
-339
-61
-482
483
111
33
368
255
-469
-176
-352
456
224
111
-500
-262
237
40
-145
-32
334
-240
-6
326
28
-117
405
-155
-34
311
-326
-372
-395
280
-432
295
376
-466
27
355
-294
433
-43
-327
-353
-110
-210
239
-392
-143
329
89
-470
-85
347
50
-410
338
70
-29
301
-99
-119
113
-356
334
-192
388
-477
157
411
-462
188
272
463
179
438
273
-115
67
141
155
322
-493
14
-120
355
-244
-380
-300
316
106
255
309
265
340
275
237
-36
-394
-379
-474
-94
-276
233
-316
-53
301
300
-178
-485
-469
11
-356
-436
-95
262
-48
285
328
-399
-66
65
259
477
428
453
222
102
-8
-325
-351
-171
441
221
473
-412
-70
406
341
265
344
-165
-181
142
-303
291
-52
50
416
261
389
-427
148
287
214
-257
-270
122
187
138
229
141
388
-273
461
-191
206
-307
449
-342
-146
-220
19
364
-105
-193
429
114
24
120
420
332
-428
-478
233
38
417
293
99
-139
-157
36
-164
-401
-36
-171
331
-81
141
-133
379
-251
428
-230
-199
228
200
440
413
51
361
-405
-223
448
44
-236
251
217
-28
204
-315
81
-195
-378
-360
56
-149
411
445
234
439
411
-455
-367
73
-209
3
402
-309
305
-208
389
320
227
157
253
-430
-284
290
-368
221
-251
-365
-420
-431
-342
-85
-494
30
-169
-182
281
-85
-496
214
238
439
157
139
-477
-302
208
50
-290
-423
265
-380
-215
108
-339
73
-256
-64
315
-490
272
111
176
-182
238
-424
-208
47
268
-133
-475
-183
-217
-143
-448
-323
-422
199
-93
63
484
332
-290
113
-32
-164
-450
237
-91
198
-11
-257
453
29
-336
-376
78
-10
86
-424
-368
-124
433
483
-240
-61
-200
181
-272
-198
-301
-427
280
246
59
-482
256
-242
-466
-211
-405
454
-88
-257
345
467
-27
24
329
171
437
-312
-258
-381
-279
-427
-363
288
15
-310
498
4
-169
-331
295
-384
-154
-425
250
134
-397
-212
441
209
43
-315
-294
65
345
461
-397
372
-40
462
102
-318
155
-258
-28
51
-484
111
183
-241
-72
-167
45
-19
-335
375
75
-435
-222
-325
-158
320
-241
420
106
-451
-362
-145
157
-491
143
428
-58
446
55
28
-147
354
278
311
434
60
380
-201
-368
-27
-56
226
-316
-392
442
82
-267
475
-210
428
-47
438
192
-461
-330
69
442
499
466
128
310
-496
-145
120
256
-497
35
228
-73
-285
176
287
-148
374
-175
-21
210
-59
488
-208
-226
-46
139
486
-462
112
-123
253
183
-384
128
341
422
191
78
152
103
-64
-471
-451
319
-68
461
212
-448
-500
-499
411
239
-329
500
121
-178
-342
-232
80
-355
-492
469
-458
298
490
298
217
-2
-354
-26
102
-157
353
236
439
-80
405
-133
464
321
227
-353
156
488
-355
-483
218
-401
-28
-2
227
-396
-128
-495
-458
44
-434
127
-252
-99
-128
-63
220
415
-100
214
496
-458
-136
215
-267
277
-155
290
17
12
-469
-490
-39
436
-319
-465
258
439
373
-486
-411
340
-165
-472
-17
325
59
174
-218
-235
-258
-351
-121
408
442
133
155
419
102
500
-374
104
139
29
386
393
-463
-158
-33
-77
458
-327
-182
-432
135
402
-255
-440
282
250
-232
-310
-386
278
32
392
64
-102
-462
-29
-464
104
-435
-112
-11
383
-2
-438
159
-305
-70
-179
-414
378
314
471
337
-495
117
-488
-467
370
62
356
-23
-409
-356
-224
368
-144
-8
-458
189
115
58
-433
-472
492
-110
253
-7
-223
250
131
-48
298
-389
399
-208
-382
115
290
-117
120
-129
357
-34
-497
26
-400
-401
-128
454
-366
-38
-427
-61
-239
-498
402
-231
261
338
47
385
435
144
-74
-88
258
-185
-278
-400
-422
375
24
-82
368
42
282
361
-211
-278
101
222
490
43
151
284
-340
-396
262
147
-397
-44
-114
394
409
-107
-36
368
-234
293
352
-458
-234
55
331
-126
-390
-405
-74
328
468
491
-263
30
268
382
-399
312
-193
129
-68
251
424
-461
452
479
223
424
328
483
-275
216
-203
-307
394
419
189
-418
-323
109
167
-193
57
-376
69
480
221
-17
223
319
-257
-76
405
57
-372
-1
-252
-429
309
192
161
-220
367
-305
-59
-205
360
261
275
491
-481
185
-185
-40
417
-371
-403
-458
327
359
386
-201
-345
10
-278
265
492
490
-63
-169
260
-56
-129
-432
276
341
-354
-406
-2
316
415
-37
30
-81
-55
-72
288
-477
140
372
198
-76
-254
248
396
-34
144
-216
-96
266
-46
465
463
250
-349
-17
-334
-97
-72
342
408
278
-445
224
-289
191
326
-168
98
390
39
493
498
-460
-434
37
177
391
-306
-162
-103
429
9
-216
-13
-52
-12
-424
-133
78
-185
-406
427
482
-411
-327
-496
442
-351
-109
263
-415
203
282
221
401
473
266
103
-132
-391
27
213
389
-126
427
157
163
179
195
304
-305
402
-175
-318
18
-265
-94
13
41
-480
27
-308
-497
133
-385
287
-212
-259
193
-193
-285
254
434
361
405
441
477
-120
234
165
-187
307
140
-285
142
42
433
305
61
-341
5
396
30
-456
267
-381
71
-352
-253
-42
112
-320
-378
-412
289
404
35
276
-315
-328
-351
-34
396
132
-20
-42
-257
177
-485
-73
340
68
276
439
-75
170
474
-347
88
17
-152
-240
419
42
4
-177
91
-217
88
-455
-421
-87
328
263
411
24
-337
470
179
-158
-126
25
-79
-82
-397
-329
161
211
348
405
253
320
-191
343
300
-52
335
-141
317
-80
-258
30
323
-408
-213
427
240
-54
35
301
397
260
-427
144
-123
-457
132
300
225
-123
19
-403
296
190
352
165
-342
479
325
-12
346
328
454
-431
-334
-116
102
-111
473
227
290
72
-315
-400
-172
87
-379
494
42
10
477
-228
-143
475
-140
-439
92
-61
59
46
-371
-248
-48
-81
-166
-465
-217
-220
31
-474
-395
99
422
-392
119
211
70
238
-200
206
410
-6
-362
-485
419
63
370
-299
321
-272
128
428
-441
-313
-483
-4
188
-18
-235
-442
-460
-467
166
120
456
425
-373
280
16
-452
110
391
465
346
-411
353
291
198
85
442
-208
122
-217
393
-493
231
-301
-400
31
-465
33
310
136
-280
-325
-260
-86
112
283
-35
350
379
-388
415
24
359
-196
-380
176
-52
379
32
193
-267
148
251
66
-147
407
-371
439
-486
-397
466
-24
-72
328
-367
-246
-496
433
-391
374
-452
98
210
-52
-171
61
-20
-153
-486
194
2
485
333
243
-417
-261
397
191
-394
-301
-190
199
-445
299
333
283
431
331
185
-488
-189
-470
-105
-191
402
61
-353
300
112
-228
90
-278
-278
-284
180
64
19
-453
-192
-121
-134
-185
442
284
-82
-497
-22
191
382
262
-246
430
357
388
-25
-143
-190
145
-310
184
440
-62
454
260
228
-396
346
238
-207
-251
-133
391
220
-453
-464
-420
316
363
234
-104
144
434
325
-191
-296
264
334
-252
-189
-82
-340
-55
-483
425
-40
-177
-29
-173
282
385
-304
-7
-302
191
462
143
274
-457
114
473
-410
-337
260
-291
-372
-119
-324
-314
-382
-117
276
144
-455
-306
-482
223
427
-329
-68
-228
295
116
-471
244
433
195
-119
258
-440
-143
341
312
424
-455
259
-431
-28
-172
475
350
276
-115
383
467
436
-243
474
-45
193
388
181
4
-364
-205
90
-244
98
259
232
-303
-335
-444
98
204
487
-241
-409
-374
419
-109
-133
374
-212
-211
357
-110
-58
-498
-41
-445
-293
-193
-429
-473
145
-356
434
-7
-361
-89
-230
-408
251
442
107
318
72
-99
77
-348
-152
-497
-432
-232
220
10
19
237
322
-61
65
327
-389
136
497
185
-186
-235
-183
410
286
352
336
-74
-266
-86
13
465
339
-365
82
-484
230
-385
184
315
213
-275
-253
206
-482
347
204
394
-411
378
307
260
-79
-449
438
232
-428
-199
-354
199
196
-329
357
-442
480
260
179
-323
162
20
-33
250
258
142
-352
446
-385
446
-496
8
206
263
286
-142
356
-47
413
350
-244
282
-330
-143
-2
-456
476
473
-231
-66
-321
-464
-370
-65
307
453
-405
-146
-462
449
376
460
367
33
-168
-113
307
-165
-86
-458
144
442
-145
-282
-375
-68
-134
-101
460
-97
-232
-116
-284
214
9
-261
-82
-200
-289
332
-212
414
427
-345
148
14
150
-417
408
-303
301
-69
265
108
-250
217
338
-305
144
-151
90
-170
-292
-173
-216
117
-38
-398
453
-356
-443
-163
203
46
116
-137
-360
446
-393
-351
-93
124
-152
-432
-25
307
360
249
-436
407
-490
-258
351
-500
-321
351
317
42
496
74
-260
489
-349
-180
31
-336
-130
-369
296
223
-218
-28
-49
-3
-42
-65
457
-419
290
-90
185
340
19
-295
76
-431
91
327
-28
183
-407
-370
301
168
-387
410
-184
-386
-458
-17
-197
326
406
-426
483
-3
356
252
-161
246
-177
-119
405
-62
185
-396
26
-168
375
-365
202
247
-238
212
416
446
-112
-452
-68
-380
91
134
-498
47
394
230
-278
152
-473
413
320
481
422
449
444
242
-104
150
-176
-473
-107
-165
178
399
-180
38
170
-432
-450
81
209
427
197
-413
272
442
88
-262
423
-415
-472
101
-471
-232
412
312
-135
-432
313
204
-231
-462
253
-84
-383
277
450
495
410
-340
39
-442
-388
4
-218
-285
353
-267
-469
279
348
-206
433
-218
426
-164
207
-137
-478
-296
-347
-144
-326
303
261
-146
-138
406
-52
-412
179
-442
180
-480
-217
352
-356
262
-406
-476
-147
-274
472
-354
-301
500
340
365
-19
176
-120
-298
22
-156
123
-93
252
53
-45
247
171
-325
-188
-29
-34
-441
-231
-128
297
179
414
188
-137
-389
-145
-26
382
325
-39
275
-58
-225
452
40
-135
-167
-488
214
-95
-305
-237
55
-181
187
-233
291
175
-79
-368
-375
-335
-51
397
447
366
231
-82
221
164
481
368
187
-287
170
-383
-157
-86
-41
471
473
239
-440
487
-83
-67
-48
336
-478
-500
-276
191
100
139
-258
-127
-447
433
186
46
71
-332
-48
-353
-289
172
-234
497
139
-472
246
-127
-463
-78
-480
-417
-236
-168
415
-308
-372
269
