360.762
333.53
222.951
-373.35
-320.865
300.726
-2.68418
297.419
278.831
-23.1891
244.572
-79.201
-328.462
445.978
-25.8694
-346.583
39.6394
-367.306
325.47
-315.708
-218.645
-178.705
-95.8342
42.7182
38.7459
-254.152
207.108
349.599
-218.47
41.3851
-478.305
127.971
-65.0815
277.535
232.934
-33.8864
206.678
-169.907
185.716
-174.177
-275.533
4.77967
258.681
15.2099
146.956
-218.491
-441.563
140.205
-338.74
394.196
-7.98324
20.2518
-137.674
-14.1729
399.785
-44.8513
-113.678
-154.958
401.01
-346.511
-223.763
-170.226
-408.465
168.97
-225.171
-315.878
-488.248
444.815
-23.2891
446.312
144.338
95.3912
37.7939
-127.375
417.517
483.769
-35.8884
-303.605
461.425
188.558
-32.7414
-416.75
-337.565
143.912
317.552
-280.928
78.3866
216.906
-123.669
51.9839
-315.168
-179.465
186.747
292.409
-452.645
331.768
482.402
-3.37623
107.082
-177.822
234.512
383.524
332.07
-426.079
441.711
493.924
10.8154
-104.935
-153.458
342.734
-375.31
-88.4892
420.019
-174.68
-236.154
448.735
308.253
280.564
-429.689
-93.0611
181.706
-125.279
-257.373
-387.084
124.557
-13.9341
401.32
-354.579
191.289
-345.44
378.761
395.108
-123.434
-324.337
-379.315
421.523
-1.38261
-250.543
274.015
-166.587
364.445
-395.439
279.945
-84.1038
276.277
395.676
-220.719
339.053
463.456
-394.276
77.7869
400.793
-359.6
-334.925
-285.964
29.1867
-179.034
413.173
171.643
427.212
423.821
99.9591
-110.672
485.692
-99.4009
413.9
-192.767
253.357
-463.03
-182.982
-86.7951
-396.402
133.794
221.807
303.852
-250.358
-468.907
369.212
-286.329
150.707
231.873
-59.9174
376.3
474.007
398.557
-85.3223
366.158
248.181
288.299
302.389
-116.008
-316.823
-400.064
-161.494
-37.9401
69.1229
373.808
-191.452
-439.315
-86.4365
319.447
-320.225
-150.483
-182.557
35.3947
27.9323
-34.6933
233.318
27.7914
118.151
-204.014
-332.544
-313.314
-324.929
186.455
87.5013
-80.1241
188.507
-473.132
166.388
-353.01
-156.929
36.0766
319.461
-282.06
126.6
121.886
60.8951
480.14
184.829
-294.189
169.498
177.056
101.92
-226.069
155.714
-459.629
463.782
199.891
56.5739
217.855
-465.025
139.317
-271.941
-408.744
283.052
-226.1
74.2459
307.555
-50.344
-441.475
-109.702
15.7015
-393.81
-353.728
194.543
-130.557
-408.323
182.488
-386.332
-134.034
-291.164
118.934
260.29
38.5759
457.113
13.6921
-378.154
-137.3
241.986
219.348
59.6102
93.0972
116.779
145.198
-363.816
169.495
-136.365
17.39
211.918
-204.289
-33.0164
-232.846
244.375
180.135
358.173
419.89
246.388
-382.717
285.572
-363.278
-304.147
-301.368
318.203
334.167
-371.724
-196.152
253.438
312.911
296.144
481.173
-389.529
69.1002
-411.05
496.084
-476.732
343.01
389.136
-218.391
-460.137
-234.459
88.0141
233.601
356.609
-336.264
-36.5584
304.069
215.5
59.0042
-321.987
-320.173
411.451
-76.5983
304.561
4.92474
344.547
-93.5588
166.995
271.012
-370.672
-173.357
421.713
330.318
-347.597
260.764
-441.41
-465.303
241.119
-150.447
-333.89
-307.379
-391.756
107.998
-225.097
79.3563
-483.287
500
227.14
39.2132
-216.64
241.321
-377.913
-7.91178
-245.525
-161.712
-310.731
254.853
-367.029
258.239
-238.861
184.895
-87.3091
-124.147
12.2138
-386.186
-460.337
-383.905
331.131
454.282
-47.1758
-153.071
82.0859
57.3944
267.774
38.2403
-150.229
-225.783
-405.031
48.9875
10.2906
143.099
59.681
-305.878
415.821
464.467
373.155
-317.904
22.4622
401.356
187.932
293.871
159.732
-72.6985
-366.584
-479.009
53.86
-344.502
-146.112
-1.35263
-407.541
21.9301
80.3587
232.938
-212.132
-390.057
70.89
-235.224
-200.583
292.385
-426.608
441.041
390.502
91.0092
-432.924
-95.5478
55.1819
-118.162
-454.312
235.361
-482.394
-63.5068
-306.347
280.906
-103.653
-71.0962
-341.685
-7.72944
-294.68
-265.801
-188.1
65.0684
-475.827
-375.823
31.3301
-93.582
-233.603
-64.0077
-452.82
43.8802
-415.204
-83.7336
124.113
-486.076
187.202
-143.396
110.226
-115.584
-388.695
13.191
99.5916
-430.749
260.862
370.145
-336.67
267.154
-26.0017
5.76301
-439.35
65.9078
-240.715
-498.854
414.769
-433.993
102.846
220.489
-50.9573
-32.6324
142.995
22.5006
313.803
228.539
137.542
-486.919
-223.141
-200.444
259.131
-311.797
-310.737
-474.364
189.974
-113.021
-343.091
-49.7508
45.431
-462.751
358.906
-196.038
422.592
-70.3399
-232.784
106.588
467.083
162.815
161.174
-188.404
329.033
89.0804
-444.079
-155.21
208.083
-345.743
-306.25
-60.4359
-221.738
-371.573
398.56
443.438
393.546
-140.464
-240.433
402.869
-127.293
238.589
-127.781
57.8817
8.7587
399.851
442.406
40.8498
-88.0632
115.667
387.585
-349.267
162.358
332.851
315.598
-469.256
224.669
-11.2628
98.6436
-185.313
-469.77
-419.411
42.4517
73.3209
-369.684
-114.138
245.093
35.3988
450.135
307.243
100.969
205.624
481.344
-175.088
-283.032
184.39
442.565
-161.977
61.0616
-112.532
421.286
-185.014
-187.075
-70.8314
-85.6621
399.943
-151.573
-9.26934
-319.455
-209.905
-41.758
352.287
495.096
-466.34
-246.562
-483.903
-302.542
-331.228
386.33
123.827
277.134
-155.624
126.338
-58.6243
346.25
45.2791
159.825
369.331
-408.831
208.079
-411.543
-320.242
-357.9
-200.701
-50.5297
213.222
345.299
253.37
30.7386
414.43
77.5242
261.997
-354.276
-389.27
463.999
-415.5
286.331
-86.6258
-384.212
385.461
108.856
-259.405
464.529
-422.792
321.77
369.257
293.931
-133.643
-259.581
-408.313
-117.262
96.1211
56.5542
-44.8248
467.074
372.507
-25.9694
-27.0841
141.687
482.766
284.098
359.751
-480.276
223.235
-13.3071
-460.437
-452.361
-31.163
-236.305
-446.681
-3.27379
276.308
-448.1
16.7417
-250.268
50.2432
-348.531
109.395
400.388
65.6643
461.178
-41.2642
79.6592
-419.454
145.415
16.3429
-182.323
174.932
-93.0436
-217.21
188.182
374.678
-174.447
362.52
-313.703
485.529
451.285
-185.42
-96.2206
-343.909
-468.01
387.324
-149.903
-277.757
-250.93
83.2582
259.419
472.824
439.009
5.70021
260.528
24.5923
-15.0228
-239.758
-311.887
-349.879
440.919
-427.231
-296.46
-330.768
-196.955
483.501
368.962
387.24
288.67
57.6816
-381.169
-258.012
289.286
4.43534
-78.4379
378.072
-88.5176
107.178
7.29121
429.367
-348.971
157.619
-366.194
-22.9029
-434.799
-201.062
159.858
209.16
453.845
-47.3189
-64.9094
48.6397
-227.694
-35.4042
-90.7625
436.231
374.639
-154.666
-135.709
-392.696
-255.154
-383.476
49.8332
-361.157
-303.23
32.9619
330.866
-18.5668
-234.419
-290.545
15.7419
-261.915
317.625
128.214
91.1498
-20.8419
111.669
258.315
-493.953
-162.18
24.948
-162.323
273.744
-411.374
-231.861
-330.344
-425.694
-134.984
-5.83981
193.653
-281.107
-440.293
115.813
-51.2772
-315.081
-403.948
405.6
-192.843
-244.161
-184.506
303.136
-220.625
-104.109
469.149
-115.805
-203.939
374.297
-286.687
339.84
96.875
-48.4221
491.949
64.0946
-130.365
286.009
281.278
-326.721
314.974
354.51
37.7794
443.924
-364.227
382.949
-305.331
-485.879
374.71
-400.03
485.323
48.4502
-269.38
427.56
-420.603
49.5597
-182.112
16.6989
-371.385
458.609
-275.845
383.527
-61.3478
480.383
400.708
299.716
341.536
498.72
-179.625
158.574
-177.561
-332.804
109.204
76.5641
307.127
-213.202
-373.732
-161.148
463.136
-368.137
18.9426
-246.875
13.0191
-468.396
-168.875
-289.872
332.104
-203.109
469.179
418.896
311.846
-356.278
-225.827
-117.657
-155.956
49.8061
-150.647
32.3776
-39.2766
353.31
-124.743
-51.5877
262.858
395.154
-31.3699
5.34393
443.148
25.7942
-376.047
-354.937
-126.246
203.902
198.424
-437.56
-234.052
442.852
431.052
312.642
-246.137
-422.948
18.8452
117.723
286.914
-127.967
-283.969
191.964
384.646
184.108
-129.145
-317.771
409.537
218.992
252.063
-31.4998
236.429
272.706
379.74
214.267
-30.9459
326.615
322.138
-222.129
-411.444
286.855
-24.9038
-400.786
362.249
-272.03
-148.412
109.512
254.978
137.116
-269.648
298.372
190.617
-112.508
-140.566
216.54
-237.873
-89.5997
105.021
194.218
107.164
78.5832
266.778
-137.417
-67.3139
153.475
122.916
134.555
73.8342
-323.288
-78.6993
-263.411
40.2235
76.3495
-340.396
109.516
233.816
-200.136
373.194
19.3507
109.086
-274.47
-121.672
42.5348
-153.087
406.907
-402.651
-45.359
20.3289
-85.1196
389.276
-305.286
-379.734
-120.686
339.975
-190.436
309.862
178.064
370.93
-124.042
-83.4217
-252.804
198.267
425.948
-416.871
-76.3211
202.703
426.239
-384.029
-332.364
-183.963
-170.066
484.706
422.36
65.7285
-376.654
-74.3505
-132.223
424.62
-488.213
66.2386
-144.639
443.141
-348.378
114.804
-48.1738
200.543
-289.592
-63.3696
-37.8853
-255.353
275.248
40.9963
99.3214
462.643
-304.108
-149.069
294.823
-16.6249
-416.38
-320.942
427.195
-179.793
-203.734
-425.738
-369.261
-153.158
-7.79578
-48.9811
-156.771
-191.652
37.505
406.626
429.931
472.528
51.6791
307.864
311.955
192.661
-227.821
-254.309
-296.492
238.591
98.6216
408.404
296.196
-213.271
437.777
-163.029
40.1474
-211.019
-426.027
-67.7008
-3.5408
250.671
-375.762
-325.444
-409.447
-473.541
-348.608
260.461
-479.001
475.505
90.6297
-281.486
-271.09
219.604
-8.38818
432.099
-44.6664
-240.291
184.75
-89.6813
-126.769
-99.2658
442.167
117.181
330.46
-334.946
228.22
-48.8663
105.938
193.427
-52.7743
-123.255
-305.297
14.8687
426.28
-81.2444
-164.772
-25.4258
-37.2371
-25.1065
232.292
285.786
473.486
456.822
-100.122
-190.75
-272.776
247.337
-174.55
65.1199
-363.756
-150.879
-323.874
-132.466
315.911
-225.808
-14.6256
-5.71538
343.247
64.5348
109.787
93.2654
66.289
457.636
-99.8084
-338.669
166.12
489.092
162.853
-348.106
276.131
-23.9679
82.5087
-275.868
489.221
366.124
-92.6867
478.571
-296.992
396.815
455.962
-357.365
-222.033
109.076
465.015
360.65
-28.0965
28.902
-411.302
33.3606
142.172
496.53
-355.875
390.834
-408.307
46.6679
20.1338
483.351
-247.49
-124.053
-46.6097
450.651
-366.321
182.311
281.322
-175.146
112.157
-155.353
143.777
-117.899
-330.837
-413.354
65.5995
90.1373
486.133
-22.5946
-195.893
104.448
-449.798
336.837
-499.432
-151.615
-180.659
76.6198
350.156
-373.521
-356.085
28.9631
180.579
-231.774
-330.29
196.454
-224.614
85.3974
-84.6623
402.533
-431.218
-192.682
-358.116
433.313
-460.82
386.264
90.7082
235.589
31.3275
435
218.732
-384.801
429.357
114.758
-389.433
-95.1127
68.439
429.528
54.0967
131.827
-166.675
-328.822
430.318
-25.6708
28.7749
320.263
-89.1245
-187.852
-172.262
29.5001
-316.901
-379.346
409.408
308.896
168.715
475.421
455.814
89.7737
365.655
-344.777
73.1151
-138.936
-367.105
177.721
-126.399
-98.0624
328.834
325.641
-283.283
-198.746
72.259
-284.389
-475.41
411.204
486.607
232.495
-418.023
218.962
195.22
321.495
100.903
261.92
393.966
-164.978
-219.098
126.247
34.8905
316.429
-281.798
-348.366
480.616
-325.127
449.292
-180.766
-437.771
-463.132
-418.818
-465.41
309.613
-487.032
-491.112
-317.068
-20.9145
-33.3029
358.131
68.1169
459.529
234.385
434.332
50.3337
414.411
-407.776
235.517
143.013
-500.574
-70.8416
240.325
14.6882
18.4065
-60.9514
426.66
-212.284
19.3119
292.011
358.819
322.746
352.81
-103.46
-100.708
-130.458
-373.518
-89.9684
-86.209
-372.082
-149.648
478.153
-59.1019
-459.497
-134.105
-29.0575
90.8522
263.155
79.3255
28.9895
-110.088
-278.316
357.747
94.4493
469.941
45.5718
-396.565
-192.896
211.161
-31.0807
400.901
-335.191
408.942
-432.415
461.961
165.301
-117.853
52.6547
308.901
-416.556
110.636
395.43
-482.853
-459.868
-237.72
36.2807
-48.0867
127.375
466.818
-442.296
18.1951
-497.827
-48.213
-108.647
194.586
-132.956
484.331
-309.423
113.713
158.198
257.239
-487.054
62.9506
-259.354
-171.219
-455.547
-306.246
322.462
500.857
208.573
-453.313
497.665
366.915
401.828
73.3782
-329.061
251.505
132.943
427.545
341.224
-90.9464
285.178
247.146
-248.652
-35.7499
440.447
295.753
423.707
-242.2
140.297
382.561
143.195
-282.473
445.522
-165.434
305.782
80.517
-150.573
195.601
72.6667
-353.449
-217.414
-448.225
-308.871
-463.656
3.003
415.526
-477.284
-419.336
405.018
-206.551
-338.151
298.761
111.732
384.949
-222.714
-194.512
384.601
-78.2488
-330.162
-139.64
385.123
-476.363
250.165
282.213
-477.469
362.983
272.833
-301.343
153.106
-65.9634
421.69
312.948
400.212
496.763
-430.102
-60.54
188.57
-174.632
429.602
90.9182
442.61
219.69
-112.645
-97.0084
204.326
-138.572
-420.447
429.306
339.716
48.0343
59.4728
-82.0423
-142.477
183.778
-210.52
476.15
-225.597
-365.574
213.875
100.994
122.554
-41.2158
-188.085
360.661
-393.591
294.618
14.269
198.107
-130.334
225.826
153.58
-490.985
394.817
214.42
-316.141
23.8923
51.979
-478.696
-32.63
264.864
245.051
-376.285
433.141
-413.067
-453.276
-401.33
-337.869
483.033
-245.874
-338.379
-9.86646
497.71
-424.379
298.909
312.762
-380.23
-120.255
314.133
-327.908
-113.872
363.092
-385.04
-404.517
430.648
-62.5266
209.406
-128.298
-131.239
-180.521
6.68573
490.921
48.0956
-140.432
161.571
86.4284
246.524
287.644
-147.482
-496.638
-339.553
-344.157
-128.557
253.074
22.1318
186.944
-423.878
-412.734
286.04
-331.202
18.5054
220.054
364.151
-393.593
-196.86
86.7641
-446.396
82.3708
-400.377
331.749
266.04
-448.326
-193.558
158.891
411.225
424.208
404.723
-191.76
148.96
-277.507
472.584
379.232
292.193
490.933
-294.048
112.078
-338.375
-247.005
-418.464
8.53024
392.988
256.42
74.0006
63.5849
-30.5326
65.7803
-202.364
419.097
403.615
184.127
-229.712
254.75
-353.609
97.0205
404.651
-98.7618
35.2894
92.3502
-300.361
-329.251
494.027
331.01
-337.043
-187.948
-157.138
435.321
165.279
-451.938
-188.826
-287.961
-151.509
388.117
-238.904
293.088
-133.402
-367.158
-14.3697
-320.82
445.276
-89.0708
-377.843
-486.264
-211.463
59.0099
484.16
490.766
-230.693
319.467
356.349
-5.86255
231.894
114.18
-68.1898
94.6763
-440.769
-112.88
205.139
-358.733
34.3458
313.89
-261.714
151.174
180.539
459.005
-80.1964
23.6401
334.888
-55.3539
69.8211
-413.544
-330.777
-326.201
-122.569
-449.517
-99.6773
172.42
65.0643
350.798
-291.236
279.492
271.671
180.523
-437.953
-6.63762
-382.907
15.364
-443.607
246.6
-23.4994
-220.09
-456.526
481.568
-213.105
264.194
-139.17
-372.774
343.818
-14.4
286.174
-286.546
-438.22
379.765
140.475
-445.002
-319.483
-284.151
54.6033
294.598
95.085
-269.05
-99.4777
-142.096
192.121
-222.067
174.533
-144.375
-307.522
-491.58
147.505
108.971
98.6743
239.996
-155.84
-417.986
-90.3857
-482.18
-325.861
-130.159
-277.771
493.277
357.84
-62.0576
-158.791
-110.359
487.219
-270.284
-109.452
-236.171
41.8736
-13.218
-338.194
319.123
-116.674
179.036
298.509
-343.75
-306.965
318.711
456.445
269.053
145.401
-26.5569
46.6158
17.1455
-413.885
-217.749
22.7619
-413.133
-483.154
-30.8817
261.482
435.012
-277.44
31.2031
-179.794
174.549
336.592
-77.0477
460.833
-468.697
121.557
-123.796
-220.317
-280.755
-126.097
482.134
183.268
453.026
167.869
191.593
281.485
169.857
-64.2468
-498.285
-338.098
396.798
150.428
-100.973
54.5219
71.2161
-190.364
-65.1987
467.496
-331.34
-499.454
-480.027
386.074
-396.016
393.789
472.401
-358.282
188.542
-386.792
376.455
168.244
118.933
498.021
-229.241
199.357
-97.8813
-80.514
-476.751
224.793
413.909
-264.067
347.47
-252.509
-128.06
-322.528
-77.6151
449.186
-346.38
377.68
-409.723
-133.202
-272.848
-82.5133
-177.304
119.365
-422.889
474.524
2.7823
-303.371
-363.334
-132.357
113.672
-134.498
25.7489
-32.6733
86.2148
-440.077
376.591
-105.662
-326.897
-142.109
-105.46
-17.1441
-340.666
236.084
-443.415
141.95
-446.983
14.1393
285.626
-405.204
209.688
227.903
-364.871
137.174
-55.5919
438.553
-392.916
266.293
-273.213
-434.583
-367.818
-270.715
349.981
284.532
-328.667
-4.44688
-32.0165
-121.633
62.915
85.656
-35.0904
-276.558
476.907
-158.589
-42.2292
-463.748
166.706
-221.847
-16.3177
-149.293
193.114
-380.339
-383.09
119.019
257.78
-61.5121
225.884
217.877
-377.923
449.912
466.638
327.199
-145.123
-147.03
-52.4247
3.4256
-447.063
467.67
382.738
-273.159
-288.364
430.388
-169.742
-214.04
-21.7313
-464.816
74.6118
118.713
-338.06
378.176
59.0671
133.024
-262.366
-333.284
-184.384
-282.622
438.114
-483.996
-358.275
-152.519
358.988
-365.376
406.349
150.335
-246.833
-131.895
407.113
309.031
-362.614
-311.583
-245.757
-16.7449
-304.215
288.726
-195.778
39.4964
-55.5806
485.366
385.962
-203.34
-161.212
435.695
-97.154
-234.804
384.04
-3.7648
-137.592
-310.668
18.2508
-101.297
-37.6403
-265.794
-42.6657
-52.151
383.861
58.4221
-87.7258
110.398
-235.842
141.647
-388.589
-246.679
-162.922
-464.988
-153.742
-392.201
-204.079
-281.603
-406.156
172.372
86.2451
-332.09
-221.911
355.851
284.691
74.6345
-139.91
196.462
375.661
-481.005
-224.735
217.785
28.2014
172.558
330.142
221.374
72.7236
-87.3583
492.953
249.387
437.707
447.924
-142.335
-377.45
-302.835
44.3981
-228.66
453.384
258.571
-188.219
-467.872
2.10051
-460.057
-332.23
29.6677
-227.654
402.638
-41.9922
-316.964
59.9683
-274.896
-144.37
-363.549
-257.419
-220.696
207.834
-352.23
-226.163
296.393
-262.297
137.009
290.435
-162.529
81.62
248.869
-96.2916
-242.955
-24.3226
-335.415
225.624
-224.378
241.679
-140.392
385.896
23.2341
-259.845
-135.144
-196.89
379.708
274.166
-417.099
149.344
-108.118
-263.558
452.407
496.644
-419.64
-250.395
-203.164
-493.817
-281.483
383.642
300.943
-211.301
-356.043
306.23
352.923
430.195
126.24
-401.575
-179.935
252.433
-133.543
-156.607
136.118
-60.1057
401.086
331.229
-21.2798
-379.681
24.9957
-147.464
138.485
-335.961
268.412
-340.372
132.756
-44.9211
92.6331
-100.006
-348.952
-143.353
-100.86
449.068
-14.1113
496.462
-11.6602
-414.026
-218.585
-411.869
484.524
432.343
-342.046
380.58
175.792
160.431
-137.698
271.782
-275.366
-357.697
46.599
325.584
-495.085
-205.404
-486.597
-197.666
366.514
-85.4017
-104.274
140.24
443.567
301.81
-101.455
-316.822
291.442
-163.297
25.6781
393.3
-225.491
-231.433
-212.977
180.21
-56.1083
285.053
-228.593
437.448
-222.964
-250.425
309.85
-198.24
-238.767
436.333
347.418
282.207
-425.337
-281.997
-439.739
214.806
224.818
153.229
422.152
-122.571
-326.934
466.535
-437.243
-235.075
-23.3117
-437.454
498.041
-440.639
230.302
-58.6919
-181.843
162.888
270.357
357.073
-403.794
334.625
-349.639
364.512
462.935
-459.892
267.995
353.977
114.008
186.413
14.2515
-11.3503
-15.6033
-99.7563
487.355
475.469
433.473
118.877
108.255
66.9941
-79.9769
-54.437
421.232
111.008
-200.029
376.549
-39.5266
407.375
-59.1377
-338.09
-460.96
434.642
120.654
-174.545
-33.9093
-297.099
-265.425
458.858
-256.949
-218.896
364.288
-168.259
480.345
-455.944
-79.7652
82.9758
-104.594
-432.159
-68.1379
-451.156
-345.242
-212.933
-96.7906
-294.324
238.658
-307.718
-105.666
3.76077
-48.6107
122.493
-250.74
-166.102
220.087
-77.5812
201.964
-387.272
-273.993
-154.873
268.998
221.523
-459.417
-107.602
-2.21822
-148.093
-68.0683
176.205
473.056
171.141
-437.566
-478.368
-274.46
183.736
-462.846
416.236
-284.806
-236.5
-164
306.307
-452.465
214.047
-221.987
336.341
-229.559
-385.185
-253.205
303.655
-226.193
73.118
-323.001
417.882
-124.113
-349.031
495.484
-451.332
106.737
-465.483
52.6312
20.7663
306.307
446.315
-266.504
-84.1779
234.361
-178.737
-143.65
-162.169
248.001
-52.8756
-163.537
-188.435
166.586
-95.998
-452.742
-498.407
19.7157
315.562
191.692
275.918
54.0355
480.414
-48.2734
-462.448
150.782
-36.7596
16.5305
-81.5929
-376.112
-399.334
291.355
84.9031
339.463
94.2911
-297.204
454.207
321.863
45.9251
74.2042
-163.411
-20.6963
-36.3052
-422.365
-217.343
292.489
-124.331
-11.4183
-391.915
106.698
379.036
353.415
252.143
-264.864
42.4147
303.441
-61.0547
402.996
-358.364
212.258
-120.838
-189.385
-85.5913
-451.402
48.684
-460.713
459.003
257.963
-486.406
-6.21331
-358.895
231.646
130.791
-14.3099
457.004
-61.8615
-228.315
-320.01
449.049
288.413
326.512
-422.453
60.2528
-493.661
-200.242
72.4791
-306.528
476.087
435.768
423.473
213.965
467.613
233.581
253.186
-56.0343
-177.363
287.724
-165.062
277.231
-391.636
155.597
33.6102
265.24
-396.444
-497.095
90.7791
-302.252
-150.341
-343.014
215.462
442.126
278.595
-489.64
74.8273
99.3795
241.343
427.578
214.101
-281.651
-390.825
427.462
486.807
-36.9964
-262.546
37.6747
276.06
367.832
-206.651
495.312
121.343
-244.941
346.668
-134.64
-362.336
168.314
192.038
-231.766
-322.488
312.992
-145.773
60.0415
327.468
473.488
-282.346
312.598
60.4911
-263.375
227.058
464.928
-311.307
-339.556
-226.017
-179.189
-337.085
130.539
339.849
-401.692
-115.454
198.436
340.98
-298.489
65.5727
-305.63
456.88
379.025
400.798
-268.532
-286.904
172.32
-436.903
103.848
490.439
-441.069
-377.719
-500.694
-147.539
117.17
-358.048
2.74234
190.356
80.1152
-97.3488
214.97
293.368
5.2418
-187.148
-4.02326
-111.629
280.481
81.5976
205.048
-77.3579
439.248
242.016
247.334
320.758
20.5272
173.096
-299.359
119.786
193.735
410.691
-481.522
-139.851
8.66861
-40.1782
-447.585
-32.9332
49.9418
325.824
204.322
-121.725
-61.6885
457.346
258.285
-162.649
381.067
-146.779
92.66
121.593
-5.07821
-312.045
276.307
336.496
116.927
-120.525
305.902
-43.0986
34.0703
225.638
74.5769
241.376
458.627
315.233
-171.784
149.616
-95.5973
126.526
303.639
195.153
122.342
238.815
54.9271
292.834
-279.358
-378.353
403.76
-306.579
4.88274
-410.674
-55.6392
-350.529
-18.951
20.1408
437.077
-240.156
-27.9717
484.663
-257.885
168.896
-292.97
-388.179
-163.977
-56.1172
-313.571
342.527
24.0821
-17.4466
-167.111
-362.623
-249.881
-160.607
78.749
-357.752
419.768
-370.877
-70.8972
406.468
-450.814
400.734
426.377
-130.595
433.318
-490.492
-182.629
201.617
452.892
207.364
-4.49456
-365.275
88.7642
-134
-492.208
-391.536
500.053
204.407
32.5317
373.888
480.044
63.2782
-214.494
92.1845
-124.119
196.028
-361.664
-49.8764
294.456
-107.09
221.345
226.687
-287.896
144.827
263.097
-283.277
-380.095
402.815
-108.451
258.976
-291.548
358.184
-13.308
100.641
88.9369
-91.4284
203.356
28.679
246.209
-308.68
-189.221
-249.448
-435.512
-160.906
-144.262
273.533
371.887
-86.0222
36.7768
-189.959
-391.393
432.995
-96.5028
83.0016
132.18
349.018
480.638
-387.719
247.729
-457.113
465.508
-324.801
359.362
219.59
94.4856
18.8525
187.937
77.6286
410.522
-124.152
-49.3116
361.104
-68.6362
-443.1
294.447
205.355
127.859
-94.3498
437.979
380.36
-220.489
15.3431
348.06
-189.865
250.602
298.283
284.187
-326.863
405.21
166.188
-167.177
456.612
398.699
-279.256
361.901
-366.142
-55.8281
487.816
471.457
-159.469
-488.699
18.9724
114.14
122.71
-112.799
216.007
157.442
-72.0117
-220.58
389.82
-7.88407
161.872
-134.447
-464.6
-324.37
-324.963
78.8223
82.955
-186.771
-209.312
491.563
76.5464
-94.9371
-202.147
496.826
-394.999
-344.928
-65.4225
203.559
-82.2789
-151.092
337.997
-248.177
419.877
123.617
-231.518
-51.5075
261.186
-453.622
458.962
52.2999
452.159
407.831
-373.603
-44.6036
136.318
-360.124
422.61
-392.268
40.2478
-468.675
128.066
-76.8295
163.627
-349.585
-477.9
473.55
296.113
444.64
-489.77
122.599
-181.939
97.4043
-88.0225
444.036
-2.55719
397.036
-429.894
16.8752
-1.31705
213.111
265.346
-406.276
-65.041
228.176
-337.159
177.9
-330.497
120.647
261.977
-43.7895
474.394
392.157
411.691
494.809
272.493
-389.225
-391.58
96.2978
143.416
8.43242
172.248
-496.674
-458.637
-418.264
-179.004
482.147
-399.879
54.6857
280.336
-221.577
-254.414
-87.6671
-403.303
-99.6155
-5.43861
-24.2947
-291.38
-177.432
-135.29
-467.631
54.7491
464.692
321.082
-263.197
-65.872
151.247
92.5764
-463.281
419.879
-39.5981
167.944
-100.004
81.8613
206.342
-370.131
-28.4446
120.752
376.508
9.51334
-40.2525
-121.48
-392.672
-427.413
206.936
415.849
-269.61
-307.426
40.1184
144.05
-103.439
-417.434
-436.062
-122.019
477.02
-449.276
-203.918
-205.772
-281.813
-449.543
477.478
232.282
-446.185
-113.702
425.996
229.765
-268.934
-158.317
-182.385
14.566
-408.869
173.678
-31.5981
206.377
9.63507
-299.159
18.3113
-231.201
68.1486
447.801
99.6556
-20.5784
321.764
-70.5852
-456.232
-160.554
45.9933
474.889
-210.681
-388.002
-334.185
-204.429
215.601
313.993
277.533
274.894
436.359
242.778
471.368
259.272
395.514
289.702
251.056
16.0991
442.857
179.053
88.262
126.539
316.111
84.6133
-199.326
467.832
-151.98
-390.808
-20.9736
-47.9491
66.9049
354.996
99.2424
276.698
-272.196
316.141
336.232
161.321
-380.212
-242.987
-102.442
-212.224
418.43
-374.771
250.111
352.892
257.371
-131.978
75.9825
395.713
361.427
-205.636
-151.535
347.002
-109.892
-108.286
-297.809
463.757
-420.541
152.643
-258.247
-484.669
-210.422
-369.232
22.3226
131.583
473.799
78.4081
-201.177
154.08
12.3996
20.4043
79.8752
23.4477
319.689
-168.069
-178.625
-90.5538
266.385
172.452
221.73
169.457
-138.255
-317.861
170.275
147.502
-231.307
-489.883
149.068
-308.599
186.422
43.6919
126.407
-251.094
91.0311
178.499
224.582
5.28916
92.8214
199.269
292.092
442.772
-11.6778
331.582
-442.986
-126.502
-113.85
-491.455
-301.439
-130.048
163.096
202.231
153.504
-247.515
-27.6707
6.42188
290.555
340.163
378.849
-459.978
308.927
-448.243
253.673
160.033
-179.247
444.582
95.6288
-227.021
-351.334
492.458
418.32
195.767
-445.073
-8.10787
204.675
142.757
-51.5662
-433.379
27.6983
-357.352
-380.494
46.2888
445.748
222.255
244.845
-173.086
-210.592
369.04
-401.783
476.587
-342.234
-117.061
207.345
-196.04
-140.853
-438.989
-352.326
494.47
255.587
-92.1549
428.438
160.597
-131.093
-291.697
-403.784
136.335
-384.628
136.818
-300.835
324.016
383.249
460.035
-245.282
30.6487
168.23
-498.302
-385.044
-232.7
-185.536
-46.0137
-289.68
-332.339
-432.743
263.282
-299.015
-172.267
-347.303
-414.839
-83.8068
90.454
65.2915
-345.706
244.655
-463.473
99.8019
-16.5113
188.835
60.7908
-315.007
352.157
-408.37
-293.286
153.726
-345.258
-150.613
486.57
-21.4677
163.24
407.681
-193.313
-133.2
-393.965
55.6745
440.613
275.829
481.703
-314.195
436.873
480.114
202.454
-214.842
-343.631
-18.2998
-499.432
130.584
-430.465
399.57
82.8187
276.186
-322.926
-313.203
233.215
-76.6183
-92.3192
-449.218
184.459
-480.797
-397.37
31.9607
422.078
-86.5477
423.328
173.973
-438.363
26.5793
499.175
62.918
-464.18
-399.477
-193.268
348.273
9.75428
402.817
325.167
300.926
-94.3226
96.7879
-370.592
20.7982
217.92
-67.2428
-384.16
-446.484
266.697
401.839
191.655
-334.693
-76.1821
-105.534
169.288
145.594
290.933
-278.262
-10.1428
467.479
-343.437
-442.157
-161.883
72.937
231.602
385.545
221.889
-121.667
454.748
-196.42
-130.66
384.647
81.396
-80.1181
-458.969
-316.602
79.3189
27.0029
-144.4
-166.781
71.7163
-296.26
269.565
88.6757
-142.128
345.35
124.109
-191.381
-389.906
294.044
316.096
-148.28
366.405
-133.617
-272.223
383.808
349.725
-134.544
-94.9949
-340.603
-5.31536
-6.91023
-412.949
-331.93
466.79
-148.73
233.62
175.302
-469.293
107.829
-106.317
82.4556
168.704
-72.3308
437.22
497.822
95.8862
-68.9599
-200.023
308.691
-23.8641
446.7
251.431
-354.508
-427.921
459.24
-450.974
-487.279
-255.696
-380.378
-469.544
132.451
-379.932
-71.2654
-99.3005
243.769
-334.377
-377.648
-309.472
-303.531
-191.494
268.631
-301.467
259.146
-312.52
-247.078
14.7241
344.493
77.9394
471.611
-292.715
-297.404
-402.85
-209.899
-404.209
-446.715
-273.202
-235.171
-468.256
128.832
130.841
59.8391
-252.439
37.2216
317.091
-4.6185
-221.214
233.897
-474.076
333.386
454.227
470.988
-492.447
-299.097
197.476
238.479
300.839
470.883
-199.65
-380.657
-13.9374
123.546
-184.299
356.215
-298.239
-33.6594
466.702
-476.894
207.806
416.852
200.921
-230.599
450.649
-52.0388
-206.587
164.041
-314.972
452.675
142.03
154.644
495.491
-189.736
189.951
-418.342
439.622
300.04
-487.525
-139.303
229.121
-85.4746
121.037
-153.232
34.1023
-432.279
-411.797
-113.402
272.227
366.48
466.768
356.936
117.016
-43.9318
-184.615
-39.7163
371.576
-346.444
371.706
425.622
102.584
78.941
-441.825
-418.669
-492.481
173.231
66.971
-362.639
-184.143
285.529
86.8047
279.494
447.436
-447.994
122.614
221.95
-228.518
236.578
-490.234
-381.395
437.396
-438.965
-81.7935
185.354
205.174
131.694
293.127
247.359
-34.125
-56.7043
-65.9689
378.936
76.5454
-461.829
-267.76
46.4954
-394.85
206.523
284.063
239.58
359.758
278.215
-279.461
-390.448
217.927
467.325
222.807
75.3823
458.775
-363.132
-377.435
428.691
392.087
-245.929
-24.0895
162.388
353.782
33.7332
-463.177
443.83
-368.333
462
-254.415
-387.492
-71.5932
-436.725
157.25
218.313
-497.629
222.488
-446.75
402.566
322.479
430.776
357.48
463.76
-282.761
313.953
-460.141
-247.366
-449.068
-477.763
-46.5067
-152.656
-157.318
62.8542
-257.021
401.601
-398.72
362.155
203.983
479.014
248.674
20.9198
-491.412
237.55
449.377
-43.7992
408.389
-37.0195
-68.6004
-166.775
62.2941
-402.12
397.753
214.214
-87.1899
-85.4799
483.196
-41.6792
371.686
412.089
491.542
313.947
149.343
462.638
-447.84
-40.5648
-194.79
468.148
-203.961
-191.28
372.591
124.014
380.159
-327.394
-441.923
-69.9078
192.371
330.396
231.82
56.6579
-419.448
-186.794
-36.908
-203.781
-334.304
29.0189
-168.82
-59.6815
-315.727
297.825
123.559
188.114
248.587
-154.644
308.544
-157.067
-305.524
339.229
495.804
-80.3008
435.071
-34.0029
-259.353
-149.871
-477.76
329.728
-312.428
-414.249
-33.3519
-38.4216
277.194
-66.8871
-36.3505
422.151
-446.127
-359.262
108.772
482.089
483.949
-440.204
76.6553
60.0289
284.775
447.098
40.1705
157.022
178.008
-397.084
-127.025
243.513
-318.687
-451.35
493.039
292.583
62.3982
-435.698
-499.719
25.1366
467.005
99.6197
-454.753
321.54
-477.551
-344.12
-34.8583
-174.728
187.407
-278.003
-56.5164
-154.435
-300.373
-254.968
82.8602
81.5848
-249.339
-54.0404
-434.846
333.854
91.2041
-13.9739
-262.607
-476.607
311.78
127.461
322.197
484.211
-369.029
-419.661
16.284
498.754
179.45
-466.715
-425.375
23.6942
-475.543
-139.642
-223.37
-185.164
-367.86
400.447
-91.5205
309.626
120.838
-409.439
-227.533
399.745
457.988
18.2806
164.029
-396.942
-76.6429
-374.722
149.833
-332.164
-369.51
-204.749
114.269
-418.58
-240.663
369.229
233.212
372.18
-132.433
71.5622
429.436
433.033
-2.08783
303.092
-364.641
-166.613
-364.867
192.182
382.739
-211.243
-435.782
-88.5984
-346.445
357.193
348.24
272.339
394.259
-280.754
10.1278
-45.2679
216.102
-105.92
-80.244
57.1057
405.866
83.3845
345.821
-7.64103
-129.762
168.143
290.589
252.677
-142.855
-78.1962
-114.278
-24.7515
332.345
-408.35
425.775
372.572
230.805
170.287
-124.939
-265.891
39.7626
229.703
371.516
12.201
-12.8116
-164.354
-210.861
-454.471
-316.777
452.796
-325.277
71.1919
-278.324
-129.707
416.408
154.965
326.632
283.523
-364.047
209.52
383.121
500.949
-59.9791
134.189
315.241
-116.308
-409.353
-193.599
-425.98
87.9406
215.904
-295.558
-124.573
-237.685
371.804
362.479
318.078
345.907
315.847
251.814
-64.0804
268.605
52.622
158.11
282.51
-317.989
485.956
-37.9505
-189.627
96.148
-219.84
313.357
-319.054
-412.975
-136.359
-262.988
-29.91
-170.873
-490.797
58.1336
72.033
268.722
-486.669
165.517
-79.3073
234.728
217.292
-334.064
-204.349
-168.247
408.827
38.1476
459.828
-18.2693
35.003
-220.933
-449.525
162.025
293.327
109.492
86.2065
168.781
389.305
-336.844
-246.884
-431.361
-433.325
91.4488
175.529
-340.779
-183.121
-314.568
-48.3668
65.8411
301.135
-211.328
16.5529
187.839
379.954
-496.512
-26.7729
279.55
394.382
350.251
-477.717
-277.444
-249.743
-290.484
65.6056
136.803
28.6576
251.082
-225.239
448.068
-460.604
229.031
369.453
-444.475
376.579
330.747
482.757
-12.1332
-197.203
27.6087
155.942
-126.549
-9.54247
226.81
-313.552
-336.975
116.458
-258.532
71.5869
-246.746
494.733
-299.462
182.684
206.989
111.212
-139.696
396.009
448.753
140.876
-137.334
347.441
225.583
37.3146
446.811
-184.123
-54.0678
-268.05
153.346
162.125
327.621
91.9325
37.4913
230.562
390.494
158.808
-322.865
-499.136
-467.149
-29.5645
142.352
-104.517
-389.543
46.9498
-320.302
-400.224
-479.412
112.239
-477.098
500.148
211.238
-392.42
-162.206
79.5522
-425.007
-40.3149
-319.804
-260.779
-14.4001
249.237
13.8034
-479.624
138.617
-7.11933
-431.664
-480.308
-163.224
174.006
261.284
451.784
-359.675
250.649
-133.932
-385.826
-316.156
-480.034
281.524
320.175
48.5215
32.8566
331.562
-120.088
382.892
317.215
-44.6525
327.466
258.099
-80.8062
86.543
37.3622
98.6955
-229.658
474.054
-297.36
-374.128
499.761
-340.381
-197.476
-410.943
-364.45
280.691
-356.923
-267.032
427.821
401.362
253.274
479.579
377.277
29.7656
-473.208
1.85357
106.584
89.818
62.5086
315.751
453.357
-115.875
132.233
245.01
-233.481
-22.2365
143.43
466.686
-452.448
192.343
397.346
-395.625
-33.4318
304.989
-483.204
-19.8987
214.183
-243.842
15.6798
403.469
-132.224
232.915
424.521
-293.36
193.054
299.625
-176.9
-91.3285
-177.692
303.273
-14.0576
94.4568
-455.945
71.6559
324.151
217.785
397.831
229.028
147.302
-196.32
5.09194
427.755
-188.194
-389.325
412.401
-23.781
12.7684
-151.699
453.537
-437.338
195.479
-231.062
-102.823
412.661
-479.479
-87.4804
101.926
-163.563
31.3184
-153.006
242.485
-367.177
292.025
-220.966
-239.23
-20.2485
310.427
-25.0192
208.401
160.374
-43.6619
-169.45
-260.09
432.708
382.9
-232.127
-259.501
-377.638
-115.18
-294.087
253.908
286.12
-62.6455
474.584
245.819
-455.925
379.813
-432.07
-455.388
428.311
447.492
-460.674
-256.743
255.518
433.916
-223.334
-360.94
-249.158
317.593
-191.631
-355.701
-349.893
-269.932
372.417
-143.741
60.609
-458.167
-295.226
-356.594
-83.8332
97.3483
475.334
313.62
-378.873
-445.235
-191.625
215.062
-33.45
320.482
207.315
203.595
52.4554
-286.206
373.672
-395.425
430.31
261.672
448.061
-127.137
203.505
-394.439
370.308
-433.649
91.4952
306.625
215.353
-63.7332
168.982
112.49
-489.74
-497.159
497.687
322.695
331.123
269.683
-19.2038
-426.759
270.623
290.27
111.539
-157.928
104.115
-91.7008
68.6003
-312.751
-209.105
475.39
-65.7408
149.54
244.917
428.493
80.3444
150.632
212.66
210.085
34.7967
148.091
-86.6741
-409.008
-440.983
-210.614
-28.6692
-353.879
-481.09
-488.274
-419.642
487.127
269.019
-347.953
75.6608
-302.878
-423.052
246.369
-187.762
-162
-374.137
275.832
55.6194
-494.216
-130.13
259.715
-396.257
-46.7575
-381.601
143.954
449.749
64.7188
394.803
379.527
-463.465
-208.31
411.142
237.407
110.853
-500.47
-211.113
287.754
-4.02719
269.645
226.222
339.889
-357.432
45.773
212.695
331.8
-463.827
-10.7619
21.2509
-338.73
-476.792
370.086
-96.3863
-292.274
-489.352
-483.041
-472.518
388.546
224.538
79.1855
356.619
110.394
448.095
-192.415
366.325
-98.4488
367.347
28.0225
123.375
61.1465
-379.216
-325.301
364.118
-178.685
-145.166
22.8893
165.856
-319.231
-251.439
-80.2959
-39.7929
-457.881
144.279
367.873
303.201
377.381
-470.207
-31.1517
413.528
-419.981
-464.708
57.4796
-73.1532
241.514
385.358
439.356
497.555
329.29
-380.142
-406.488
-123.182
362.759
-483.551
424.714
100.748
452.774
-284.564
-193.019
383.965
179.31
253.343
-191.473
-12.9037
-389.732
214.927
73.3876
77.0901
428.498
-327.058
454.721
194.907
490.262
414.748
-334.189
114.814
-65.0351
129.165
116.056
-274.272
-32.1136
299.009
-324.308
38.6481
433.74
103.018
290.512
292.955
274.396
-461.055
-3.41576
-119.083
-441.027
-321.959
-387.316
-59.8711
82.4305
21.931
231.979
-156.545
-423.285
51.1793
-54.4884
491.571
48.8376
434.469
-25.4954
-117.704
298.8
20.6056
-32.8949
-102.547
-436.357
-19.064
-182.057
-331.054
-432.172
316.139
223.368
312.545
257.336
-321.459
297.567
246.354
-375.826
279.484
344.436
21.0466
3.50841
-446.128
-212.72
287.907
-156.416
-128.553
408.756
148.989
-185.113
445.923
406.611
-76.0471
456.237
188.159
234.562
-78.4658
-246.316
-420.636
298.777
-100.927
309.588
-331.976
-167.578
381.436
448.413
332.371
16.6359
134.462
260.949
270.545
28.8254
230.581
370.605
-231.177
-356.759
121.574
-58.5842
381.691
-431.516
75.8536
87.4859
231.954
-313.642
73.9943
-186.035
67.1018
-190.551
487.002
-445.9
-227.538
47.2827
466.007
-299.663
329.03
-107.825
108.108
-310.107
296.433
-203.477
195.34
211.967
101.373
57.1249
-460.674
-303.554
-302.685
34.3249
453.704
113.39
62.1667
-184.616
-413.527
7.33651
-115.473
-77.3874
97.3257
70.2544
-188.872
-284.074
-127.404
-334.759
435.465
195.781
200.072
168.902
27.3864
429.513
345.242
147.873
144.663
-268.527
-11.6151
437.688
-463.161
-347.034
-306.39
-17.6542
-47.8776
-128.023
-19.6057
7.18818
-147.443
484.905
370.552
-450.399
-355.039
-254.204
54.7082
-64.1421
-410.654
105.434
-89.9701
-455.898
-333.523
-382.797
377.846
397.121
-323.687
14.9741
-11.8054
206.454
181.3
230.499
-149.549
250.877
-202.818
274.246
476.4
-427.636
311.066
160.052
-197.419
-211.202
-436.2
-212.344
188.549
311.85
376.456
-102.857
-333.991
83.2075
-207.046
326.597
-84.5984
490.368
61.666
-81.5766
204.594
277.19
-15.9537
85.8
-405.333
71.3516
437
-304.793
24.9427
304.8
-242.455
-412.434
382.63
219.717
50.2228
200.381
91.0722
392.612
-464.106
308.529
373.062
148.227
51.0887
78.0527
-338.021
305.02
-11.2496
-404.529
117.255
-335.175
-422.541
-419.295
-10.1267
117.639
287.318
340.671
-303.048
467.442
438.919
-427.168
425.347
-354.417
446.641
327.476
-380.192
-228.374
195.207
-313.346
-456.576
176.566
-354.152
-401.274
-3.13653
8.3364
411.21
215.997
164.692
-270.154
-326.359
-172.228
-257.281
6.28466
45.2713
154.821
247.615
242.741
-345.626
-255.968
9.72992
287.818
196.808
-254.497
71.2279
-469.833
119.28
-101.139
39.6633
-326.048
-424.054
83.7815
-309.258
270.437
-467.537
-500.645
287.709
395.206
289.278
-343.018
171.354
255.093
451.911
164.194
460.655
73.5091
468.112
-53.3779
480.813
429.253
347.22
422.616
-215.361
116.446
-464.525
362.145
-269.314
-423.512
-470.469
-209.8
74.9484
312.832
-437.599
317.43
187.025
-363.762
-173.581
166.174
101.2
390.582
-239.084
198.604
-366.964
-226.623
206.822
265.557
216.731
-321.831
-441.6
-69.7426
-382.944
159.87
-216.882
442.467
105.664
380.806
82.7755
-350.145
198.527
-284.173
10.1897
-184.12
-125.12
-378.251
-142.212
192.345
-378.498
78.6815
-175.259
-410.461
351.198
122.67
367.678
380.713
-46.5826
-468.554
-211.617
-280.693
155.625
-400.457
103.938
-319.993
442.016
74.815
-416.824
395.198
273.543
-198.995
-487.683
-204.426
-241.595
-88.0378
322.653
286.949
24.6749
-273.114
-277.207
-108.048
-488.782
-333.499
165.139
-170.628
243.565
76.9031
-446.331
262.513
-451.308
138.138
216.282
249.237
-109.493
-366.569
112.459
102.924
-154.48
3.84672
162.12
-255.301
41.097
133.933
110.533
172.354
-243.997
332.801
232.579
-198.235
101.39
-225.772
-36.4212
312.09
-262.12
7.52068
487.411
326.925
-92.0265
12.936
-354.303
-261.401
-492.782
-55.5779
-173.241
64.4335
315.617
485.48
115.902
39.9393
110.507
-299.262
-307.282
-123.425
84.0443
-98.8681
318.652
33.6471
451.471
-33.7955
-340.038
-396.343
-385.435
4.6921
176.393
-376.359
89.0914
-381.817
298.807
-292.682
138.603
318.199
248.819
265.689
-438.071
322.001
394.713
-430.763
97.1659
278.485
477.086
-57.4576
-327.464
459.551
-441.516
6.12338
-140.783
34.3739
173.169
86.8912
-96.5467
386.348
124.235
268.408
-249.566
-491.96
-198.736
-289.831
-485.691
-149.472
498.615
-4.32665
-476.918
-26.0001
-335.763
-258.326
18.7833
-420.57
-458.786
-361.42
-232.87
432.005
399.797
-454.806
468.217
-309.696
256.874
103.231
-349.723
-380.878
-239.122
-114.796
280.879
-397.924
-221.343
445.017
109.724
382.818
-95.8576
392.009
-438.903
-27.9076
-12.7281
-426.568
257.369
44.9375
443.651
-251.397
-192.099
-461.195
405.665
364.654
-280.234
-21.9101
82.0969
437.166
-112.625
213.776
-93.2124
-484.804
444.791
-344.073
186.475
-109.972
241.792
-289.016
-474.379
-159.846
398.142
-127.704
92.6757
-498.239
-26.9445
-327.653
-349.36
467.739
339.199
179.593
-404.282
401.248
-357.733
-290.531
340.934
83.7245
-129.133
-216.315
-273.299
-424.11
423.568
-417.4
61.2206
64.079
193.951
-423.094
-30.2382
241.307
11.6065
-217.083
479.215
88.6159
-9.23585
327.157
16.4837
-79.7783
500.029
209.98
-379.318
458.67
-14.7313
168.502
-203.107
429.941
-438.646
-64.2534
444.831
-23.2088
454.8
233.601
98.6321
408.335
-307.558
-156.912
-389.374
-257.145
494.346
446.075
-332.455
409.166
20.0389
185.962
123.288
-415.936
-56.5369
-46.3718
-459.917
250.831
70.0225
451.352
20.324
-360.502
-131.143
209.122
179.593
-231.7
-88.7069
161.501
-123.833
-287.084
-223.975
332.539
-285.163
-448.368
488.112
311.582
-105.216
-20.1059
-475.661
-196.957
-344.516
351.885
343.319
-142.218
87.8234
144.523
259.757
492.691
-57.4324
397.105
-337.778
-50.9809
377.77
-176.353
297.315
5.6844
-298.968
72.0538
-367.955
-106.44
140.574
-264.577
225.025
442.251
195.326
325.003
-45.0424
473.099
444.07
-273.244
-19.7625
380.216
133.497
458.017
163.542
-454.231
312.42
-201.447
-473.076
-316.904
-480.054
-198.507
-14.8895
-444.909
318.057
-197.345
494.081
-153.55
-26.8307
-126.031
-173.025
-491.488
296.071
-19.8906
333.634
434.549
475.7
-335.784
301.661
446.549
-495.846
-454.538
218.455
-114.504
-216.656
-432.658
317.797
372.125
-114.082
380.014
225.81
258.404
-444.62
-189.1
-371.88
-362.999
276.544
354.652
422.626
237.285
-206.691
-25.9618
-91.0897
135.356
-287.103
-149.888
-326.934
211.423
499.479
14.834
33.1729
236.086
192.371
-301.715
-56.8943
-251.278
205.943
285.074
172.327
499.205
432.8
-469.343
54.3846
-28.2866
-78.2893
-422.224
-417.954
-418.179
-246.048
-222.322
255.894
63.5274
247.84
255.869
266.031
376.597
-401.167
455.564
23.7054
6.41533
-23.9714
210.457
83.9487
-49.2504
345.53
129.938
-242.172
-60.261
39.0668
407.179
68.2044
500.928
126.715
421.923
-437.343
249.415
353.977
400.24
85.5078
264.922
218.063
29.4616
85.3257
-447.247
-402.853
426.49
135.202
437.429
380.911
409.337
284.689
-276.569
-115.625
-73.592
-123.3
129.17
230.374
-298.597
245.354
-437.092
-97.2701
116.265
-288.001
-491.388
-410.044
484.166
-56.4786
330.4
-434.544
370.236
-239.506
396.206
155.038
-282.58
437.648
-45.5994
-80.255
-264.389
212.557
34.1681
-153.504
-314.335
-276.07
-379.086
-45.7268
-265.457
245.728
-252.113
353.467
-298.158
251.365
323.032
2.62146
-196.876
-340.199
-334.78
246.378
-200.685
-290.851
-230.062
326.092
118.81
-154.183
469.586
-402.615
295.764
-108.502
-482.6
-203.218
-323.302
-407.52
-34.1197
-304.198
-173.346
-311.576
428.626
-395.927
-206.488
-415.359
-54.76
440.819
468.954
-466.321
157.443
-128.03
209.955
-135.827
-186.448
475.88
32.0734
260.203
422.123
-5.13573
-203.24
301.686
235.469
-105.524
-288.825
-152.977
238.383
424.013
313.557
-189.414
496.864
-356.8
-449.749
-486.637
270.133
497.484
409.268
228.373
-38.674
346.159
402.743
270.766
-277.144
-86.4652
-251.618
87.7063
-438.172
274.42
58.509
256.793
249.831
299.015
-50.4464
-300.835
-358.286
-413.619
143.131
-399.156
376.164
7.97594
-258.5
-373.265
-37.1886
-81.5937
-405.743
421.34
-89.6639
-311.672
-244.743
-226.231
-256.502
-361.059
321.235
316.908
-242.836
322.181
417.566
-195.009
340.132
47.4522
-111.99
398.449
-186.146
-338.764
319.629
-30.9191
-201.844
472.764
-149.193
217.478
111.555
-390.366
-232.106
-480.876
-358.978
-315.113
494.12
-169.621
-420.684
-108.156
-70.3794
-313.444
28.053
292.303
-72.8795
-66.2762
-46.4412
210.556
39.0173
-347.786
216.76
-365.962
-373.461
-388.146
40.9682
31.459
-132.377
380.571
-128.111
-334.676
-179.656
382.425
-354.595
-1.64438
281.414
288.607
9.32882
-206.054
187.153
-173.936
-87.5023
-336.469
-47.2983
-377.309
-386.914
-373.4
-109.938
289.667
345.807
355.144
-137.742
-122.395
-295.321
26.8606
419.649
-207.595
-403.192
-224.031
258.103
-122.899
-310.325
208.588
249.125
381.795
-286.567
-219.153
377.691
68.3786
-166.997
-152.485
-293.036
90.7977
-401.143
143.717
-413.168
301.264
-259.916
-140.755
-5.10707
-100.974
256.489
212.982
-158.675
304.191
373.6
409.319
-313.756
359.863
-311.945
-371.146
-267.197
-445.605
-179.262
-33.1544
-105.91
-473.043
451.255
-493.579
-464.385
432.603
251.447
1.62047
-339.038
277.102
-362.064
-373.095
-317.658
153.374
402.06
-178.289
-317.656
-367.37
334.356
375.842
155.719
133.726
147.367
-469.369
493.83
-134.387
391.72
-482.154
-323.182
-203.297
-319.056
230.212
-29.9177
-402.624
455.531
160.015
-83.911
15.4165
-426.088
214.682
228.257
272.812
-353.55
326.354
-387.494
-398.974
-408.238
-340.263
223.769
-299.429
-18.3522
287.55
-250.186
330.541
-284.752
-93.1922
-391.292
129.985
-117.971
418.574
-482.991
209.015
443.734
-326.383
-289.164
-343.803
82.2567
-406.78
431.32
-5.71634
-279.543
-226.081
-461.913
412.677
-309.406
82.3487
145.799
180.624
-337.642
-254.037
-129.82
-431.322
-226.193
41.5193
-72.4222
-370.585
143.144
-19.8007
-449.732
181.941
260.729
48.534
52.6534
-493.063
233.166
-14.1012
341.939
72.0628
-280.525
-222.645
157.818
-201.913
186.896
-403.019
-151.192
-392.766
346.249
315.45
167.458
286.198
52.6118
260.61
242.722
459.684
-443.255
-373.195
-272.559
-399.034
293.822
93.0827
384.013
353.934
-424.149
-126.164
-474.896
489.231
-209.66
-419.059
79.5136
472.63
-58.0713
120.841
417.933
-287.084
-318.928
153.768
-363.016
-430.202
174.086
-375.771
-465.727
173.489
-111.843
-124.769
-468.291
-211.125
-440.224
353.992
348.841
-66.9104
-18.2435
-367.709
225.38
165.424
351.277
-45.4469
403.197
-489.392
-308.484
-203.397
208.56
300.137
-243.488
-3.9399
-292.206
-257.097
288.528
-188.709
-419.717
410.373
392.327
84.9991
171.756
-307.565
185.552
-254.016
422.484
-39.896
-205.283
-255.3
111.686
-304.938
134.204
411.122
-344.779
321.916
-274.316
29.6309
478.306
423.313
-345.158
-54.9696
228.483
-430.613
135.701
-428.254
-195.311
-144.602
223.839
-380.435
-374.22
-302.724
-106.266
91.6088
-166.551
-245.429
-189.252
276.35
392.264
-348.501
-389.877
272.353
-6.94737
411.702
-469.679
296.404
491.488
-489.436
-428.483
-179.325
-92.9671
103.742
222.152
196.954
-84.0553
-139.382
319.209
56.1195
325.69
53.9429
256.959
136.269
-446.475
-343.201
203.75
-466.992
444.28
-75.9358
-447.827
277.849
-315.344
2.81404
-325.965
-457.71
-23.755
-444.025
359
-26.1603
202.999
177.433
388.887
-200.465
212.16
496.6
-46.2905
188.869
188.68
-493.187
-247.616
163.3
459.549
-49.085
184.618
-121.024
441.606
291.365
439.883
160.661
-265.232
-309.03
428.711
170.156
-186.582
-129.036
111.24
202.569
-396.661
-386.339
-323.9
-465.896
302.82
93
-246.093
391.745
-407.923
-319.847
195.674
451.024
150.346
-313.453
369.396
-329.376
264.677
-344.336
-220.078
351.083
-64.4943
262.599
194.745
-318.911
-352.12
-436.301
-125.761
427.049
464.385
-34.6939
253.525
96.8368
-76.7855
103.779
248.405
316.76
395.946
-120.486
-230.704
190.358
-75.1552
-127.618
-10.9844
-474.023
292.168
-306.15
-369.787
60.8953
341.159
-240.436
-116.537
-399.464
-133.556
-100.172
456.348
444.084
-414.189
-229.419
123.368
-397.543
209.158
-458.229
-103.679
-22.5184
180.799
31.4024
317.15
306.818
447.816
311.965
194.52
432.667
-324.751
-30.8836
362.527
360.654
-129.119
147.632
-335.008
-174.636
-430.104
-310.142
-133.905
-194.96
-20.9492
-482.885
-259.975
321.179
-74.6382
29.8437
277.49
5.85145
206.381
-136.407
-320.633
54.1954
-14.0817
494.991
-478.296
-226.708
193.877
-211.715
122.146
-35.5768
-381.957
-130.949
-452.918
-63.0555
-287.284
-197.689
-7.50556
-355.654
-113.221
166.574
-37.596
87.7634
-99.8746
182.324
-329.373
-415.804
-280.321
-367.777
-180.554
389.539
127.295
-72.7544
-336.112
153.388
276.053
37.8515
210.243
-42.1213
422.093
-29.1375
-439.346
459.796
-488.695
449.907
-255.405
134.086
423.674
-14.5006
132.249
-206.12
484.85
-218.95
-366.587
2.20983
482.517
-37.146
473.289
138.529
321.515
-128.232
-424.882
456.621
466.159
105.343
-136.01
3.70884
-52.4349
-312.952
480.731
204.701
343.509
-382.11
235.79
-275.781
-106.075
131.225
-163.33
-376.513
-55.9674
224.896
-290.319
-309.836
448.264
-258.775
434.949
389.242
202.324
92.2551
288.991
492.419
269.048
-423.023
208.49
58.8672
278.392
453.434
-9.36887
408.465
383.058
-383.628
127.717
93.4647
41.2215
-265.155
50.7554
222.278
378.217
-249.182
-441.836
348.164
-88.8123
285.939
-61.869
-52.8144
358.643
259.934
206.312
313.401
-36.1185
-74.746
-333.129
403.677
-439.324
-295.053
457.907
-98.3878
-441.816
141.901
-75.7295
-445.612
128.158
-417.733
55.9446
-79.0039
-306.689
-175.937
-447.774
-348.164
229.473
-265.258
-283.435
231.1
-244.972
225.936
64.7162
-252.074
-374.093
-24.344
397.941
-19.1011
-254.098
-341.448
-271.652
-85.9693
329.83
185.505
-211.872
335.515
286.606
-274.546
229.998
-41.196
-193.427
-31.1295
-165.888
-292.998
242.269
-118.857
-321.059
-12.0454
-53.0536
-261.153
111.155
-218.77
155.118
246.083
16.936
486.208
-349.819
-298.73
-64.5678
-432.693
223.174
-317.757
-253.377
192.121
24.3528
68.3566
-46.9412
30.2694
-277.443
84.1756
60.632
-1.74192
84.7205
423.158
-389.2
453.125
-404.402
153.607
-97.684
461.209
-296.002
-254.545
313.693
42.0024
-58.1672
-382.515
-193.561
26.2504
181.729
424.57
-302.26
180.304
-145.577
361.44
-176.639
362.297
349.215
-312.584
-398.657
251.043
477.764
-72.6233
-14.8142
-446.608
-45.2824
264.473
245.873
51.2041
275.688
131.71
232.294
421.968
-107.849
-241.416
-86.1386
460.33
-123.017
-232.229
-128.827
-331.374
-47.014
-18.6521
37.6229
-181.336
479.501
262.637
-304.052
-290.303
416.157
-415.408
-21.1773
63.199
-405.692
279.025
-471.264
-205.629
-203.245
-308.165
-291.137
51.1783
299.546
479.432
-495.421
12.4996
298.453
410.875
300.646
460.824
-266.501
-237.858
-347.247
253.044
-164.768
-288.36
47.7085
223.543
150.354
-447.852
-469.71
54.3538
385.259
84.7936
-436.302
-389.243
-282.467
-437.569
-67.5877
-177.207
-248.82
185.261
302.105
140.783
108.78
-95.2346
-45.9863
-343.653
111.817
114.151
-471.065
-247.922
127.495
-380.246
-373.102
-424.439
-20.019
-415.451
15.5038
-271.584
-141.869
199.774
-13.4066
-116.101
-468.873
-170.342
230.646
190.47
100.753
-50.2236
125.168
92.778
-81.3616
-464.311
-61.4632
-218.149
-99.7128
388.187
-458.349
-235.343
231.539
364.161
320.948
-317.325
122.346
392.557
-339.211
389.7
490.564
14.4381
-86.9051
-252.359
-147.51
-296.737
-141.834
-30.082
434.764
332.557
445.873
-174.413
-14.4315
-312.732
49.3047
-271.215
-53.4424
88.8957
-15.2405
323.965
-478.801
-265.61
-149.783
491.008
-186.934
337.259
-470.448
-198.026
75.6424
-335.522
-210.19
-161.816
389.39
-400.98
88.9663
-64.3809
-342.648
185.402
122.682
-73.978
496.975
439.424
419.91
-449.302
145.208
117.499
388.56
116.031
27.0264
-179.581
-238.956
-180.76
-70.9523
71.0355
-39.5715
-500.251
-53.2506
500.969
74.1246
465.712
-232.094
-71.7316
-359.526
-395.604
201.774
-499.545
316.147
-19.3347
43.4671
-77.7333
-232.384
-116.585
14.6584
-255.795
-64.8236
-305.116
301.718
414.571
-61.6102
44.7972
382.36
-201.114
-221.648
-82.6061
307.819
-345.153
-235.323
322.837
-76.2915
-335.765
-297.138
-435.032
-14.7283
257.101
-156.779
336.722
-343.24
-234.646
-255.285
327.003
-474.591
-100.306
-130.894
456.897
-498.773
345.301
430.542
391.767
126.937
-18.609
447.766
319.855
390.167
-352.894
-368.753
-205.555
349.053
50.259
226.003
-184.133
-296.817
-17.6873
-306.768
169.63
55.3225
-214.42
-40.5701
-291.094
85.7755
-73.1893
320.886
294.872
-81.6054
146.886
349.287
29.3845
-357.454
-370.463
-453.526
-94.9267
-225.332
8.93707
340.622
193.639
441.02
377.926
42.5733
-428.844
-14.9292
-428.787
403.75
7.32005
2.24339
422.426
414.876
-461.619
-323.7
403.11
-267.587
-87.7197
-360.578
467.513
135.444
24.3304
-469.087
11.5889
408.289
-131.041
393.692
-363.302
67.8198
445.777
292.476
52.8416
-442.637
-265.671
103.207
-203.367
-126.54
-386.023
-177.815
465.464
-413.521
-493.636
146.973
112.782
-178.859
-103.312
404.447
-28.3991
293.715
147.299
24.2529
132.572
-75.3638
-243.42
413.208
-336.283
302.39
130.943
183.857
-161.155
299.285
331.052
-417.621
47.8156
-150.52
-105.258
-42.781
-322.566
-253.426
-368.323
-271.87
-490.364
-31.5246
-20.6224
-362.033
-75.0978
-443.244
362.049
262.6
69.2006
101.98
-84.8941
-409.288
259.905
-470.446
-326.348
-329.835
313.577
435.019
73.741
12.9765
-455.369
51.9884
314.086
224.283
224.709
54.7444
468.024
214.064
-123.747
-353.158
423.827
-263.807
-41.3518
-68.6027
-492.878
-260.932
34.7999
262.665
124.509
229.172
310.212
155.822
244.949
3.16437
51.3957
315.791
36.3147
-209.626
-275.424
189.759
356.808
213.549
260.611
237.493
460.163
231.338
247.581
45.6104
254.045
-358.226
402.097
-277.663
250.614
13.0781
-262.518
-291.34
-150.529
-7.93406
478.104
-293.259
209.093
-205.642
408.756
-446.204
-297.027
465.242
-475.447
-134.536
-227.195
-249.1
347.451
-106.039
42.3294
-406.119
-356.401
-455.7
-220.975
-19.1675
-409.594
289.533
-266.802
402.745
-494.681
-465.31
-181.894
-208.589
-251.85
24.3253
425.601
311.612
126.823
344.496
425.654
474.53
326.035
38.8702
-15.8392
332.086
-475.896
229.396
-8.80557
184.136
249.612
-51.8344
-135.906
454.216
127.759
107.528
-159.375
-385.662
343.122
75.2475
363.148
366.481
201.729
-493.835
-30.8609
-468.19
383.433
-452.687
-380.471
279.068
-202.615
58.6439
465.654
344.4
365.839
164.737
-323.981
-65.0311
-124.095
-233.246
-233.837
-432.429
-218.461
133.609
-289.019
104.163
296.273
-350.624
104.113
-67.7027
111.672
-195.938
260.658
458.364
316.836
-36.7077
-390.047
164.943
-351.252
204.44
-208.229
128.905
-468.409
263.429
-171.553
39.4731
60.5715
-215.879
493.381
-202.981
362.854
-357.89
205.825
-358.408
-318.385
-194.349
-368.449
28.1163
299.783
406.379
119.678
251.562
-178.264
498.478
-138.684
-478.862
438.148
251.438
-356.584
-198.051
-169.693
198.583
-212.653
-372.001
-15.2444
480.773
-221.233
-312.171
196.775
68.1419
9.10792
-333.998
380.755
-88.2289
-192.282
409.308
175.679
-397.117
331.589
397.769
44.4978
478.756
107.876
162.227
98.5754
-137.11
-274.373
51.939
-53.5438
-389.467
-423.447
104.8
-403.665
484.459
-268.035
79.0883
257.769
-75.2634
345.77
-167.296
464.859
49.029
-272.514
-391.36
238.136
68.8831
-76.6024
-257.71
172.601
-212.523
121.397
250.169
346.455
241.81
-59.923
133.571
-210.511
-261.014
280.568
-306.083
-430.202
177.287
-45.6494
484.072
-174.166
-155.886
485.206
171.728
228.488
20.8853
319.644
-310.193
-334.056
-10.1804
-220.582
130.328
-188.229
154.589
-239.612
-449.129
332.256
-206.341
8.071
146.121
-288.608
-21.9702
-318.463
135.406
-400.372
-264.142
-458.85
268.738
-199.085
377.958
58.988
349.476
429.103
-205.705
430.887
170.733
-15.8329
-324.745
21.867
483.814
102.738
-40.1927
-139.427
205.668
229.258
-274.21
407.714
-176.49
176.503
270.991
-231.021
323.884
-131.427
-78.1492
-105.781
-72.533
-306.92
-267.108
418.657
281.86
-53.402
-433.161
176.755
-294.933
488.845
-457.648
-4.64753
463.719
-427.161
-286.369
-100.832
238.462
468.628
-351.1
475.346
-32.1994
-186.029
486.864
72.011
213.042
-344.72
-277.722
449.222
-482.442
280.309
406.326
124.714
-285.893
-147.358
-477.626
-266.952
-148.452
472.186
-312.765
-414.112
-102.053
193.497
105.199
-118.215
-16.1021
353.452
276.665
64.2159
-68.5072
-196.551
-331.278
52.9586
413.484
-112.045
-66.3411
-249.057
-281.988
45.1682
82.2727
-471.828
-58.9076
17.8027
300.446
-395.131
290.593
-412.086
-52.1848
98.6005
487.189
-188.919
-233.803
218.924
-377.529
399.979
424.476
55.1764
194.087
-315.956
151.998
-360.485
299.768
61.4608
234.617
-314.622
-367.707
-272.336
-438.516
114.302
252.352
-272.847
-383.087
157.211
-398.002
68.7056
-181.254
489.59
198.763
-329.975
208.112
-152.185
-145.139
174.329
-412.781
396.7
-299.911
-338.961
-494.569
257.171
466.339
439.571
-252.067
125.616
477.211
381.209
-97.1887
-258.142
-454.915
322.982
218.102
-29.8285
-386.228
198.01
361.962
270.368
278.057
-472.894
-136.1
-477.954
-51.1007
295.634
-389.557
-387.617
483.247
-209.167
-427.28
-216.362
104.785
191.306
366.553
292.048
-168.613
171.735
360.452
-415.023
5.85194
-56.8417
261.433
236.881
-152.057
443.029
-182.043
-389.846
70.7632
-250.575
39.8255
-78.9268
-304.564
-10.1512
-397.35
73.568
132.832
-295.611
71.8681
-135.945
-475.539
-300.263
-235.365
-441.411
268.261
-240.444
231.608
13.5247
-67.0327
-198.188
445.85
364.585
-399.165
-469.947
189.688
-191.959
-181.865
319.81
179.331
220.358
450.207
252.678
-277.173
214.987
286.878
305.589
-181.93
-308.411
-327.371
49.1291
-381.249
-179.286
-230.31
477.343
257.317
-354.232
-155.503
-386.338
370.112
-273.882
-11.4992
-386.719
-246.646
-271.525
-470.487
88.0751
58.742
411.849
263.458
195.693
-83.8932
-225.299
-153.835
-169.073
-209.962
177.937
-19.4263
-411.891
256.786
-337.088
-1.06956
76.0085
-189.525
345.863
374.05
-470.758
88.4809
-194.339
-304.694
263.263
-303.367
233.118
2.85678
-85.865
325.424
483.916
345.116
-383.306
-44.7819
-484.624
267.725
373.775
148.438
-95.5217
428.525
464.788
-296.985
-51.6852
339.915
-56.4845
-57.5035
-488.834
97.3249
434.261
-98.3082
57.9383
371.266
219.239
-496.827
469.836
170.545
154.244
129.53
-264.372
340.48
131.785
358.257
-297.603
489.758
-94.6882
-147.749
-451.1
-81.3394
-35.7183
-482.1
-500.518
-437.178
-117.176
-357.691
33.1541
-199.404
-93.1541
-282.559
10.2418
119.621
-357.384
254.557
283.385
475.823
411.062
321.657
107.569
63.3416
-322.543
103.292
116.204
17.6369
-357.356
97.115
69.5129
-469.528
481.106
-232.381
56.9802
-80.5941
163.127
376.622
158.086
492.44
357.996
-333.326
395.428
180.558
148.159
117.381
-491.409
-141.568
307.993
234.007
79.1532
330.015
-213.852
-9.97625
143.6
-349.567
95.1487
-472.796
30.8559
-240.36
-428.027
393.686
441.65
-388.952
-406.204
-111.616
434.559
224.638
-145.269
-17.3488
234.03
287.465
46.8081
316.756
-410.615
-253.679
411.857
-255.078
179.62
-100.15
-263.989
-68.1811
-150.398
343.959
24.4326
81.5356
225.223
84.6424
126.262
346.696
-455.514
-372.519
244.739
-217.877
268.628
7.18254
-26.7939
-228.165
-365.182
-469.859
430.432
-145.078
-417.395
-424.687
-128.119
77.5339
-368.757
448.003
-74.6505
-34.8545
480.908
-372.895
-114.401
-181.894
170.183
-366.198
-200.147
-253.27
-237.996
-158.199
446.339
-446.747
182.786
425.592
57.6304
97.7148
-499.483
43.2399
-68.6685
-90.4666
-373.886
336.466
-464.94
-188.576
-264.694
66.0519
-79.5083
-23.1289
404.549
16.731
406.167
-497.718
82.0552
-16.5335
-263.091
-386.575
-60.6646
-208.011
-309.778
225.542
-240.363
282.504
301.393
79.1652
-251.354
-165.122
-207.342
-60.1704
200.798
-437.121
180.704
97.8667
-43.7375
263.974
199.466
424.987
278.109
-256.699
-10.1246
282.445
428.76
415.999
-107.407
422.499
49.8735
269.093
-180.316
468.946
-169.838
-74.5689
219.436
306.132
204.047
-74.0475
-395.695
472.65
301.059
457.557
361.819
213.67
236.676
139.27
346.723
-138.046
-338.136
-382.864
-209.17
-52.1164
248.826
-124.389
-479.656
-465.976
482.688
186.181
300.589
253.2
-379.614
451.257
-497.686
-239.898
298.918
-390.393
-308.758
418.305
-65.6733
-199.106
-136.733
-323.045
-85.6144
-460.929
406.078
-420.469
103.598
9.02912
-458.029
-434.106
368.69
262.035
-264.008
-232.033
220.034
372.011
93.2206
-473.19
-201.282
62.0384
-145.248
390.051
-351.233
347.13
145.008
63.2083
-102.734
188.146
2.58269
193.423
-348.318
-76.3844
257.489
-117.374
480.693
-63.1306
-158.919
371.787
-349.263
-316.413
497.152
4.96817
-201.864
-463.628
-110.293
-424.064
219.484
397.149
47.0224
-432.744
-190.935
150.656
446.057
-357.005
238.359
-286.59
-50.0401
332.397
-481.672
453.352
-450.077
47.5762
-374.864
143.534
456.249
-446.601
-69.1535
-494.037
-116.699
307.53
21.4609
-87.5692
-382.679
320.405
212.992
453.317
-148.173
329.63
-442.619
441.923
46.4423
43.0508
-482.781
-127.806
-385.13
451.539
26.4569
-475.092
456.074
270.487
-66.2549
-329.135
-221.697
-234.464
-128.929
-60.1828
-61.9109
-287.967
-137.322
141.173
-348.11
-426.043
128.819
280.702
-193.634
-250.96
271.993
-471.316
235.861
-155.006
379.166
-37.1608
315.422
482.769
237.901
-472.196
-213.654
457.577
296.375
-424.367
286.469
-246.896
-252.423
-49.1523
420.992
-350.074
416.347
238.236
-209.362
-181.513
341.947
-30.2734
-48.9471
395.074
223.129
332.33
-491.768
-65.0597
-294.439
-229.475
-315.37
-12.5888
-463.784
-460.486
-468.829
-117.41
292.707
-363.377
132.533
183.975
74.8917
-362.26
-92.5314
307.851
38.5318
-99.4005
113.876
-82.6189
-359.814
-247.806
182.103
136.419
9.89872
313.463
-255.247
495.094
10.7436
393.799
-281.674
-487.245
235.976
-171.108
195.635
424.511
-293.832
-381.091
34.5331
-447.744
-14.307
183.864
255.646
-96.6937
33.3123
366.665
189.142
132.193
437.555
271.97
-54.0274
-185.639
365.799
-320.793
81.2405
441.763
-26.7448
-362.102
301.585
45.78
446.288
146.884
-263.354
57.5489
-79.3773
331.099
-23.0002
-478.264
80.4678
286.13
-64.5946
-254.256
-350.521
-370.73
-72.1534
484.004
-325.954
-150.872
-406.965
-287.218
34.9401
-116.747
-132.055
-443.739
-391.067
-371.231
454.763
-44.0012
238.845
454.391
328.241
326.44
-66.2828
240.504
182.733
-456.589
-143.039
-272.613
165.346
-484.617
-443.222
9.07491
478.335
-200.27
-464.807
-25.1775
90.0557
444.244
-325.929
-126.586
-209.47
-223.335
153.511
124.603
209.301
-372.27
-462.067
47.5076
431.421
-154.581
399.438
-186.276
28.3761
-142.833
312.268
359.967
-349.593
-371.247
-76.2508
318.961
102.069
-435.074
-69.5751
1.53804
227.359
-394.224
-332.878
-113.292
208.021
212.56
-22.5424
-39.0272
152.829
372.24
-403.124
-11.6317
-379.431
66.3284
426.287
-447.002
-220.986
277.444
-418.726
412.119
-143.859
-144.036
-194.206
-35.5374
90.3371
73.1154
95.9779
-495.653
28.4527
-421.415
126.848
105.386
206.643
398.698
-270.565
249.116
432.496
77.8256
-73.2154
-470.737
-18.1403
-154.013
-125.6
-86.5273
-208.648
-105.792
373.36
-180.33
-91.0081
-202.373
386.846
272.997
341.642
443.044
461.186
75.4095
454.635
-90.4442
-376.089
-231.288
-181.914
417.233
-45.2585
-132.277
-173.591
494.84
-283.139
376.779
-115.659
36.6375
-230.605
-53.1706
-338.47
-262.475
-317.586
296.296
327.842
-51.7738
308.091
-6.3673
15.7005
39.1178
266.043
420.62
232.719
455.547
66.3045
-145.564
149.332
116.333
398.801
463.418
-123.157
-96.7437
196.243
-409.929
-101.318
7.78271
361.943
246.063
-382.66
-54.9868
207.328
-350.739
105.589
320.578
-376.7
228.033
296.188
428.105
424.888
201.375
-284.08
-390.567
-134.56
-237.686
-335.24
463.184
-490.223
396.228
-277.995
-97.2031
-497.802
151.553
147.013
-283.421
-414.691
95.1071
-190.953
341.795
119.304
-339.733
369.154
494.112
113.841
452.19
104.145
-43.5316
-371.629
-392.937
-271.742
-87.5439
-158.154
-382.206
165.325
-171.621
300.482
-236.173
-311.271
-26.0122
117.625
313.948
-24.5948
320.717
49.5645
-411.867
387.012
4.7408
-179.061
391.274
107.947
-126.015
71.2484
75.0645
89.4731
-304.632
-76.2786
-425.867
-473.06
-494.098
-457.238
340.931
402.375
386.416
-229.619
422.822
337.585
-242.995
408.026
288.353
416.136
-201.596
208.565
-90.2883
-371.048
-201.249
487.35
-169.535
384.852
-468.161
-330.641
449.037
-436.821
-74.0588
7.09182
339.345
452.396
-412.643
-165.406
-339.585
-84.3172
-361.739
-80.0141
-458.392
84.2261
76.3375
314.536
-80.0934
-214.407
-93.2037
-13.5636
141.727
470.491
-123.92
-54.301
169.35
-1.33858
-207.285
-59.3639
-43.2191
-89.2299
-55.4575
141.931
-152.123
286.703
-74.8366
174.876
-263.226
-267.933
278.263
347.651
457.852
475.702
-427.342
-327.815
175.656
87.1179
-317.811
-363.664
82.3871
-212.26
-447.634
370.787
-29.5027
-95.0061
457.954
252.378
288.646
-77.9434
-260.145
183.55
319.802
163.914
-496.717
-104.547
-174.945
233.328
-200.943
-330.439
-239.835
35.2114
-365.102
110.595
-12.6692
-366.737
91.296
-205.616
317.955
45.7115
394.108
-390.776
-464.065
-188.632
-225.218
-392.455
441.517
159.842
212.256
457.368
-455.974
494.739
-371.392
-455.369
-66.885
1.01924
148.338
27.0465
-12.8988
-274.412
-231.751
-200.17
-91.5334
476.886
127.448
25.7138
-255.359
-127.693
-217.808
-313.099
81.1419
242.686
-202.914
338.884
-482.412
-450.93
-277.164
-384.43
8.11168
169.486
-292.57
-215.982
-212.653
171.681
423.737
212.155
-295.899
231.359
221.574
-211.625
-180.54
-415.148
310.654
323.401
157.894
451.326
185.087
-495.394
7.98293
-325.202
148.856
-433.598
489.198
-440.568
-232.2
-411.758
311.747
367.443
-123.485
-438.167
180.731
228.844
53.8004
-260.559
-388.314
-490.503
-120.118
478.926
-86.0579
317.088
68.6864
-227.997
52.7522
-499.835
-283.284
454.616
324.494
-326.833
404.697
-437.078
170.153
327.182
348.681
396.586
222.601
-249.997
439.519
168.721
70.4349
-165.508
103.557
-314.734
300.583
-303.345
-225.959
-495.292
165.003
183.382
-125.581
-445.423
290.641
-136.47
-170.415
219.431
-470.746
91.5689
-2.0624
499.354
44.8705
4.92613
40.121
163.942
-319.692
215.808
424.292
-290.455
-353.652
442.093
-229.115
-261.917
-43.4622
271.164
-256.789
345.17
70.2163
69.4895
-347.314
-312.461
-77.7554
-109.279
-186.501
213.98
-323.659
-61.2208
-314.596
249.636
173.624
-400.583
288.318
-229.072
92.8492
465.872
28.9934
104.17
-303.603
-105.796
110.183
27.2574
472.848
-483.617
408.616
-142.503
-251.054
-9.65263
-285.838
-394.906
34.2871
315.851
-136.112
167.029
130.47
426.818
-89.6014
171.496
-39.5535
-346.894
385.366
27.4092
-29.4823
-172.791
272.787
-191.008
425.476
-367.355
-423.881
-498.302
-304.21
292.004
376.195
453.261
115.612
360.918
286.552
134.398
422.389
128.355
-371.887
499.25
323.223
355.951
-397.989
298.455
-276.373
-93.0097
-50.9582
-65.3171
-343.426
164.548
-311.563
443.012
-103.135
-426.129
387.73
269.385
-288.984
-455.057
-476.589
386.172
340.97
402.53
22.4524
55.499
391.083
-492.855
-15.9934
433.598
-4.2338
91.15
282.106
99.9172
-482.871
-255.064
305.486
-209.421
-117.418
-35.3851
-76.7986
-2.74872
307.931
167.527
428.471
-440.053
457.852
-321.669
-388.738
308.048
473.56
-328.068
201.349
-422.503
146.441
455.638
-45.7721
188.121
450.991
174.628
453.772
-309.167
142.885
-148.582
-49.4217
400.231
-16.7421
-299.029
-262.789
-33.8577
176.42
129.47
-444.882
72.8952
170.238
-272.334
-359.205
-32.6344
-209.336
-30.7121
134.846
278.74
-156.242
-366.679
296.3
325.261
387.032
191.911
269.321
224.786
9.33017
60.5696
75.6211
-367.625
271.42
40.7155
326.28
54.8542
394.224
398.554
-319.07
-160.244
-175.546
35.0153
113.962
381.427
-253.922
488.827
32.2006
111.501
251.789
-206.887
-468.672
57.5922
180.274
50.4202
176.962
-202.445
59.8195
-294.376
-494.262
-294.073
-114.799
74.7269
-136.353
-447.62
335.444
-463.212
413.248
-164.011
-473.95
-89.8656
-422.096
500.42
26.771
152.697
-467.598
266.217
-226.671
226.397
24.1712
-248.166
325.525
-160.73
-229.181
329.295
-36.1725
351.043
208.471
437.183
-143.259
-253.275
-33.6497
-190.254
357.436
120.344
87.6691
238.222
76.8868
148.967
220.693
6.1998
394.421
212.133
-205.706
-335.134
236.196
-456.822
104.901
-27.1662
60.7282
-340.943
-13.0192
-58.5912
-475.116
-392.974
-182.819
449.674
-253.417
-177.133
308.124
-305.089
-97.676
311.166
-405.988
161.913
482.842
-112.113
79.0212
-82.7676
-375.262
246.946
-371.916
-132.322
-355.428
81.4567
-318.721
204.872
145.457
-115.974
-351.371
15.161
277.744
-327.075
294.979
407.902
-382.584
-225.323
348.469
376.833
-164.098
364.449
341.835
-396.216
82.3591
-35.7372
287.077
-264.943
-175.173
-418.585
498.861
137.393
478.336
132.945
217.36
-27.7018
465.068
361.277
458.471
291.196
-266.684
471.56
-374.831
-115.581
-325.522
-17.1557
357.654
-202.828
14.2647
159.795
-342.552
-110.083
76.6477
111.524
-225.854
72.949
226.653
-43.2982
-278.013
-148.489
-190.046
-424.918
-317.193
-380.691
460.52
-60.0827
224.984
-107.693
138.526
-333.751
118.937
353.917
448.209
444.075
-53.0949
-326.757
-255.208
-287.842
-376.421
-400.86
206.02
137.014
128.108
-229.636
460.924
-128.013
-467.086
422.451
376.145
138.517
456.089
169.382
-213.949
280.699
-122.757
-424.312
139.501
-256.782
303.033
31.2422
46.8054
-340.817
-138.185
426.187
-126.793
-440.571
-26.9776
-291.18
-64.1766
-328.296
-250.438
12.7118
310.934
154.547
-252.913
-374.923
342.045
-310.61
476.007
-491.561
-298.501
182.682
39.0848
63.4047
-42.741
287.195
141.309
180.117
66.4014
63.2098
17.4542
116.032
150.872
336.729
-160.439
226.678
257.422
281.418
380.222
396.768
233.524
-213.141
480.871
324.077
-224.923
363.587
-322.419
98.8767
403.261
97.1687
-260.896
19.6399
-230.206
311.825
-142.881
-30.3903
389.557
-248.239
133.79
-414.701
456.603
98.0917
254.906
-249.312
-129.574
218.867
167.327
-405.788
36.5649
-4.96096
-423.207
-52.8519
275.883
180.192
370.407
-265.387
370.18
103.032
-57.4473
280.252
-195.825
74.4916
234.626
257.686
194.893
447.637
-294.998
427.863
-298.58
-477.554
-199.948
-492.997
-103.421
-192.213
-445.373
344.889
-468.584
1.35057
-396.661
471.4
-18.6833
206.654
416.525
-381.562
-239.572
381.092
99.0583
6.64753
-467.117
-360.347
168.325
-50.6882
-121.618
-337.118
-308.075
106.832
224.554
137.44
-445.003
-353.183
-375.119
-121.096
105.363
-173.656
-323.603
-481.971
236.239
-125.837
81.6979
373.135
268.473
213.532
290.454
131.105
-366.974
417.032
-215.563
-213.269
162.871
390.407
417.928
475.403
-402.037
-9.02378
61.1955
370.508
359.126
-319.695
-432.011
382.037
432.088
38.077
-334.197
-465.578
135.271
480.542
-225.363
204.366
-54.1856
-108.135
-92.5489
442.049
59.6834
98.2553
209.544
287.679
-276.361
286.284
-74.1024
-104.625
-104.847
-259.573
38.1126
454.611
-174.329
-204.679
38.3899
-215.553
-405.473
86.7678
-291.101
253.649
-197.203
-175.019
288.794
477.68
361.811
-220.852
198.191
-489.222
235.209
-136.398
337.63
368.672
-162.76
355.12
326.887
-18.322
-145.702
-292.396
469.984
325.138
4.32779
-228.719
-218.452
-72.0396
408.843
-224.259
-57.3895
-486.576
-45.3703
171.01
447.466
-393.347
-379.673
-24.6648
452.818
178.453
392.792
156.665
-122.114
-61.9048
-434.143
274.429
376.095
208.682
99.7023
290.722
-66.0248
-137.336
366.812
-292.355
8.80392
273.777
374.981
9.84047
156.147
-25.0511
-354.909
78.8223
-57.4862
149.469
-164.197
201.357
-121.259
172.92
497.694
304.702
-433.084
-405.094
5.92059
302.159
-483.68
249.358
123.691
66.593
-112.684
-335.365
153.252
-4.10265
372.415
-259.583
139.297
-373.608
-139.763
377.445
-190.637
-304.752
-3.81461
-9.90687
-379.289
-305.682
289.561
-265.854
174.77
214.325
-443.979
414.294
-35.1926
152.657
-63.6047
-317.64
206.706
-425.56
-173.5
335.026
-8.96632
-41.7626
278.756
238.341
74.5735
497.711
-423.574
98.8286
196.907
-130.722
278.587
11.7542
67.7535
192.815
-369.78
-291.043
165.549
174.274
137.423
394.831
-362.281
227.549
301.547
241.621
74.8627
255.966
317.706
335.744
202.034
-123.713
-53.3994
447.561
-244.563
-160.254
31.451
-90.9815
444.627
176.587
-141.908
241.628
-287.552
67.2203
-262.315
487.717
428.523
-33.164
23.1875
197.871
99.5608
146.735
-410.21
-21.7441
53.2471
-98.0107
-113.54
408.925
334.233
3.35098
-376.109
57.8972
99.4993
-283.554
-68.7865
387.437
-336.549
-296.359
-268.889
98.5964
13.4347
-14.2908
-33.2457
25.0678
396.361
-461.027
16.4872
-74.1021
-106.985
235.673
-336.081
-341.119
-154.282
-416.389
452.581
-242.308
208.593
89.9909
-176.814
-106.317
-140.477
-342.645
-83.2677
269.951
-271.403
-363.024
-125.734
-277.114
338.621
-200.188
205.489
254.218
196.094
152.921
456.267
443.082
-323.582
250.709
199.475
-94.1027
23.2844
75.3615
-158.269
426.035
42.9788
-285.092
-65.7184
-159.55
380.518
131.72
68.71
-430.529
357.529
-296.142
-198.898
24.8817
-344.372
-368.202
-449.719
496.531
417.46
238.165
317.933
241.99
-207.187
32.2351
445.512
165.19
141.002
357.045
348.577
59.0836
-479.17
192.591
218.522
-418.586
-467.745
-116.16
51.4672
481.128
228.86
-31.5519
-473.128
-474.413
-155.074
451.031
-210.385
-193.601
-434.4
115.444
-72.3136
-285.903
-187.781
322.737
-257.214
494.903
314.228
-157.445
220.197
-398.486
460.316
375.922
-356.631
-357.257
452.714
440.953
-3.73015
-62.0865
-125.92
427.76
185.689
366.207
446.117
-284.273
-152.51
-38.5843
-29.276
280.528
481.029
-173.938
107.485
-455.77
-338.747
-299.726
399.68
-344.8
-147.148
-82.2854
-231.658
256.58
46.3176
493.994
-206.67
458.501
-409.306
-118.441
-244.331
-125.006
-89.0672
44.7451
149.218
71.1154
97.5518
-386.632
16.9594
-210.378
-435.375
-135.871
-475.895
-326.744
223.811
398.993
16.3954
-48.2198
-445.731
-91.2096
-479.51
-388.316
-312.726
403.272
415.159
-389.962
315.023
-489.58
117.204
173.119
258.508
-306.157
93.1108
377.366
-444.341
130.791
127.9
-497.913
291.054
267.311
-11.8358
-53.7474
180.106
-114.777
356.65
135.326
-357.008
387.061
292.859
485.961
-230.002
-158.052
132.859
-295.529
54.1504
-127.126
-217.114
-389.845
221.2
-191.531
-289.518
190.008
-265.338
-93.6458
-338.497
-292.397
-193.359
423.401
103.414
-247.13
-278.771
220.55
52.1286
-390.105
112.017
-348.179
405.491
-45.0622
-112.257
-226.027
215.315
-16.2521
465.873
231.891
-155.584
223.851
350.276
427.239
51.7965
172.733
-395.979
-62.3493
56.0997
-469.3
-243.119
-116.11
210.751
-364.108
-69.0155
-242.912
-72.0192
155.954
408.164
-321.7
397.535
120.774
12.3462
-91.9842
-287.535
-233.802
-253.611
486.088
479.274
137.988
-443.195
269.889
-344.662
434.509
6.03477
209.786
247.644
194.084
10.6831
325.436
344.353
-325.872
-406.15
59.3271
159.157
-430.715
-75.2137
-114.565
123.446
-169.701
-302.284
30.0512
-207.046
-306.918
-7.20414
-12.9471
188.591
446.521
-147.78
-477.166
200.163
406.288
105.484
-192.252
-66.9282
355.412
238.439
416.14
106.599
-160.214
-352.411
-462.36
-8.98064
132.744
-411.729
-460.698
-14.7911
384.268
-384.84
-346.206
435.472
-317.98
-84.081
-116.396
-454.178
301.482
446.771
344.591
169.723
109.513
-84.2456
-190.343
-434.197
-216.312
148.132
-267.805
-261.137
-254.515
316.906
32.8973
144.522
74.6729
-95.2215
44.0456
393.6
-343.396
220.769
-73.8819
-105.351
471.003
349.713
-334.087
-321.592
-453.068
-456.514
406.581
-317.344
189.329
397.519
-174.51
383.933
-265.964
-48.6449
256.668
-127.04
-404.478
463.478
-84.6024
324.167
-420.568
20.6348
378.717
305.404
-247.545
-298.42
491.041
-436.961
284.056
93.8497
-136.601
-265.395
-194.642
-276.644
10.9434
-313.914
378.492
255.661
169.528
-322.255
260.987
-336.128
300.029
6.03148
-255.695
-121.809
317.771
430.376
-113.077
-288.657
-304.832
-52.5317
-434.121
437.533
-366.257
17.7223
-377.463
376.27
-123.94
258.576
479.183
268.931
264.588
-306.366
403.327
-498.685
-194.595
-388.483
-356.409
229.364
-82.8032
-346.909
97.9373
-134.757
-102.482
98.5122
-270.717
375.618
-63.7501
-409.97
274.008
172.236
456.873
-94.3178
383.734
32.9481
67.7686
423.803
-100.037
-384.583
-448.893
281.184
-347.539
-251.915
335.787
-375.366
-67.5406
-75.3971
-105.32
-334.695
490.397
452.592
-244.501
220.871
431.955
-44.0564
85.5502
97.4582
479.042
341.378
8.25836
-421.623
-261.346
97.2122
163.735
352.721
-296.551
209.298
-178.708
382.589
-32.624
488.511
-248.886
-48.2632
-432.342
39.7562
103.385
13.3999
455.4
-228.398
-39.5196
-270.267
383.431
374.122
-406.734
169.802
180.356
-54.5322
241.282
-154.169
-489.437
-111.225
-152.305
-454.553
-232.237
-223.84
261.07
104.827
-470.672
203.639
232.66
313.764
28.7538
339.258
468.091
440.661
184.353
-47.3502
173.511
441.363
181.855
-174.506
156.309
84.4249
-255.282
1.3863
158.505
397.959
-180.446
-454.295
-227.645
103.066
443.842
-245.657
-149.319
-20.1019
349.223
-271.098
-470.941
129.512
-140.587
-211.166
443.049
-483.352
-343.342
269.032
-329.602
479.986
19.5136
-387.797
-409.663
497.007
99.5067
261.417
-120.629
293.671
18.8282
-57.3091
110.962
-82.3716
475.308
22.2908
220.501
-75.3541
-224.919
405.848
-368.05
390.467
167.961
-35.0043
39.8139
46.8064
-330.512
-17.5189
141.776
-392.778
-448.294
418.994
-414.345
405.811
-454.499
270.846
211.514
-287.106
310.198
165.065
147.786
-405.654
312.987
416.772
20.0632
68.8476
221.618
134.153
-479.19
-272.227
348.623
-253.239
-201.386
-436.613
-359.456
-358.596
-310.55
482.54
-184.422
75.3011
-205.861
-169.842
128.991
60.4417
-340.96
38.87
-372.741
246.72
-329.454
-82.7112
-282.012
193.151
-202.556
-213.099
72.0022
88.463
429.549
202.342
-59.3012
163.72
92.4525
-86.8436
491.699
36.3209
13.8971
-7.0628
57.3389
-385.471
372.904
-143.873
383.97
-219.77
487.641
369.059
-181.896
-444.203
232.37
-236.542
-361.611
42.2221
388.895
-168.417
246.499
-203.129
-149.457
61.3098
-76.3381
343.947
-200.192
-107.922
242.786
-153.437
80.1726
196.224
159.843
-314.292
-284.731
491.973
-33.5956
-147.633
-39.1043
-213.48
-487.023
-176.422
-267.434
66.3031
-333.47
-482.375
106.72
-352.426
414.045
-312.302
-146.426
227.007
-496.377
360.074
-80.5832
-147.923
-127.982
251.821
105.689
402.635
34.8641
349.801
-60.6084
-405.147
365.944
-170.431
-18.723
189.391
-269.078
-47.5804
120.019
-414.267
-16.8488
-140.416
-481.211
-58.6966
-425.06
154.66
107.724
-457.322
274.255
-483.037
22.1904
-305.078
218.892
137.929
45.162
-83.9116
-215.283
-181.549
-264.378
-209.57
-145.743
172.106
421.037
-224.135
-254.181
-485.271
376.6
64.6396
-140.007
-431.404
-251.765
-244.18
236.643
160.543
162.974
187.458
231.343
59.1838
-485.993
344.672
-487.491
13.5454
117.291
-456.584
277.754
439.466
-400.303
-493.566
-106.375
-134.967
21.2219
75.0656
178.99
-401.944
-414.568
-402.157
73.5576
263.15
-490.887
-445.146
104.723
295.159
-65.2585
138.972
-439.834
437.982
93.3644
-210.621
144.297
-434.337
-356.181
457.924
249.195
-117.586
-437.81
-5.72291
-444.344
44.558
-86.6071
-178.236
-454.469
-484.497
-126.266
-317.188
304.683
-326.429
-85.0178
87.6017
2.428
-71.2953
264.92
-479.77
-374.9
-215.867
204.858
484.948
-7.32186
204.16
-161.564
-401.151
269.873
-124.11
8.93285
-186.103
-413.9
448.598
-331.417
385.085
-449.695
-164.824
-492.055
-310.88
116.218
-129.965
33.3884
-241.028
255.696
155.151
73.8496
272.99
95.6537
-163.569
146.956
-130.388
-146.606
248.205
-441.984
-135.038
-71.1251
332.983
-293.12
-404.775
-436.149
-310.445
-398.181
-494.748
302.023
-417.905
203.971
-42.6314
340.505
486.238
346.921
-337.691
383.279
-19.5595
-241.685
222.215
-481.26
-184.834
113.095
-370.276
334.9
361.099
-333.474
386.448
-191.566
453.467
-490.962
453.533
458.832
47.6406
-394.427
375.352
299.516
-252.128
236.768
-324.731
-407.585
-107.538
-86.5591
412.037
363.672
313.612
153.662
225.875
-237.238
310.011
-40.3714
-4.35141
242.549
249.5
375.883
-47.9845
257.059
-21.5258
146.509
118.744
-296.067
361.814
196.501
-59.2227
358.204
62.4039
51.5971
-235.464
320.235
270.463
-56.1935
476.585
470.971
153.872
-428.673
124.66
-201.971
171.469
71.1633
-329.212
96.9257
324.944
-455.371
-439.669
42.3706
-468.723
-25.5805
408.817
440.418
-111.031
332.304
-90.8321
-219.165
429.748
489.993
216.696
-147.576
-232.442
-99.0472
-375.553
-379.244
236.982
286.584
-398.375
-205.487
-93.0939
-242.097
-69.0666
443.227
248.591
254.774
17.1397
3.92659
-2.29671
-418.693
241.392
219.125
199.76
-121.172
-229.711
104.542
361.451
3.73091
304.901
426.332
-377.179
-15.7781
80.4561
-140.9
-119.679
-457.602
354.529
-336.444
-179.436
149.426
281.276
228.952
-97.6062
-70.2443
176.642
452.999
-174.683
445.139
485.481
-334.892
-142.633
463.23
466.221
48.4519
-254.289
-51.805
-448.845
175.292
-10.4406
-445.958
-239.112
237.903
364.733
-165.934
266.081
452.375
290.319
402.876
212.279
399.198
146.205
499.133
-228.76
-138.501
-416.961
-423.283
-480.416
-66.868
341.227
-192.364
-230.627
-13.0226
-57.344
274.486
364.227
-233.191
-121.687
-102.482
403.748
-86.6475
322.443
-473.782
168.116
-145.008
-270.452
113.651
479.112
-19.0247
-39.5727
303.078
464.195
-411.231
-265.592
-433.329
-251.697
-487.049
-26.9066
373.998
-498.481
-201.365
353.379
267.011
438.69
365.946
76.5465
-379.062
-202.293
123.623
301.007
-134.225
-73.9285
-123.844
-79.1048
292.857
-13.8487
343.518
306.238
-196.718
-393.564
-220.192
228.688
-7.85213
386.547
-395.865
-185.428
-237.258
148.364
357.191
-355.944
-302.054
141.271
-234.021
253.1
189.438
-490.403
113.775
-5.88308
-147.072
250.103
-76.9847
70.0269
191.887
-172.345
-442.859
-196.127
-395.082
387.485
-281.907
-56.8415
284.25
-377.974
263.335
16.6519
273.287
450.344
199.285
-161.515
235.761
437.25
-359.15
-420.534
467.774
380.335
-445.605
218.026
-481.421
-124.88
-476.857
-152.163
-405.287
-97.4168
-119.877
492.743
89.7928
31.2591
60.3702
200.175
-256.813
-274.826
-14.6868
429.274
85.8518
-237.864
-192.687
309.853
-489.533
199.545
-163.202
-462.048
119.282
198.938
-442.101
204.797
-476.623
398.333
469.475
484.418
-378.761
-115.035
-109.308
166.421
-329.159
205.251
55.2552
-242.357
-157.607
351.19
-337.408
-295.622
32.6094
-302.342
-18.5623
54.4106
6.04141
-465.772
-91.3348
-211.191
495.16
409.855
-80.7413
-221.952
-90.507
-335.056
126.129
-238.947
-321.634
-157.822
325.048
-234.52
378.679
-443.439
329.485
-387.507
68.0718
372.06
-446.575
-384.161
-164.154
-461.997
346.896
-446.021
-239.232
-5.72585
-313.076
-392.371
-437.537
158.768
487.44
-88.6672
-340.638
201.325
51.7397
-321.295
-301.704
3.17713
-481.236
314.129
-50.0414
281.749
57.101
-51.8722
6.92893
-258.661
253.916
46.8804
-305.055
-378.768
330.691
-69.6889
-480.355
-277.994
19.0642
-179.059
-408.979
429.223
131.926
457.718
-188.736
-130.224
60.7069
-34.2069
422.31
219.557
110.038
382.396
-359.112
-48.9843
249.514
-444.282
-185.85
121.573
351.6
-453.632
-292.671
-479.988
257.961
-216.139
-424.17
430.272
-221.942
121.601
-470.057
-456.229
-395.629
375.064
-271.016
396.256
-72.9289
159.952
430.745
-215.977
-151.135
365.977
-364.812
106.513
-105.916
-164.808
-395.7
-292.545
18.5483
-369.808
161.247
409.18
-112.953
-96.7749
-206.071
229.404
241.868
-429.51
-388.63
-190.435
261.137
67.5192
-473.28
445.165
24.6731
278.392
-78.0378
-417.095
-253.703
-231.689
323.622
313.979
-53.4742
-169.17
276.511
433.65
-211.848
191.484
-358.233
-173.956
448.622
65.8256
-136.919
214.651
493.791
347.395
404.433
-379.902
401.862
-397.011
-405.677
213.02
-328.829
299.653
-38.1528
66.9677
422.956
-10.4348
-112.714
-447.498
-168.425
420.917
-453.267
27.765
346.892
30.5022
252.436
-367.095
-145.026
-265.327
-137.356
166.954
-462.088
-117.187
-399.475
-178.307
-356.578
-137.758
397.044
-161.974
-87.2987
-493.506
432.998
418
-24.3484
-258.204
-12.6217
219.016
99.5471
46.5118
397.888
-63.9216
321.043
-61.3103
-364.202
-459.024
412.76
288.236
310.131
-420.783
386.563
-493.183
101.146
-370.894
-45.4022
196.715
139.225
194.756
459.316
175.355
476.35
-272.019
83.9088
-231.869
263.491
-225.519
-328.639
-46.2384
427.902
127.478
331.539
413.594
81.8284
-428.032
-361.415
-361.662
234.766
-223.876
190.936
209.715
105.396
101.481
150.937
-360.821
-61.8519
49.1421
309.491
361.155
68.0855
429.463
389.574
264.266
-421.807
440.016
-440.886
-64.1699
-81.9653
-477.318
-310.37
308.74
323.438
262.613
-317.618
-21.248
409.955
312.205
238.837
-420.87
-61.613
270.387
-7.61747
45.7816
-497.207
-319.485
358.239
-176.799
-483.107
311.605
60.1791
183.428
280.565
266.663
-69.104
-177.045
-45.4191
130.216
-278.988
-139.619
196.098
80.7722
-84.3284
233.013
-193.983
-365.16
374.471
-221.295
-41.2212
171.437
-172.491
238.042
-292.913
267.947
-41.2564
345.097
-363.67
288.691
180.44
-12.4333
63.3212
125.584
423.181
89.8275
331.838
71.7277
-106.746
219.239
175.029
468.561
-391.752
450.639
236.527
-200.42
258.033
-288.389
87.4463
256.146
-257.853
472.03
-104.238
-91.0191
-350.528
107.644
-294.444
-238.841
-386.863
-438.617
-425.81
-37.3562
-348.89
2.19672
236.718
443.964
101.317
81.2608
-456.752
-413.539
479.538
-329.835
94.3883
-457.177
255.156
101.641
-31.8315
-361.808
461.742
314.058
-119.348
190.031
-171.016
423.22
-440.572
432.046
354.942
191.092
327.558
-427.582
-41.0636
-260.68
-165.22
-450.617
-483.494
322.423
-19.6966
-320.507
-280.745
-315.48
-77.4862
-138.427
6.40774
378.759
474.787
413.68
-332.564
-85.746
293.849
-121.747
298.038
377.185
453.623
-5.44658
-438.419
452.685
-65.4523
-445.334
-417.63
402.826
127.434
405.268
487.866
454.783
24.3771
-56.0578
17.6992
137.149
127.935
-202.691
-460.522
-79.2597
-243.489
-94.8339
-345.687
50.5361
311.165
430.119
443.819
77.7463
458.432
-287.61
64.0469
444.453
-64.3545
-255.336
-299.521
47.8501
-356.189
-201.128
-137.344
-171.997
204.469
-244.54
-484.019
113.483
453.091
415.581
-322.852
206.12
4.17851
409.083
293.051
343.709
-96.6168
-348.117
-293.501
-179.47
119.231
143.257
-243.297
42.6993
-154.832
210.526
315.314
361.891
375.101
120.192
-224.907
314.393
5.73805
-52.4837
179.624
-294.209
152.963
399.104
191.205
89.6478
397.084
320.722
-213.819
-28.891
-450.587
-254.072
-109.984
-494.017
-227.975
-411.962
275.454
-203.454
140.636
-321.677
41.3607
174.88
208.498
147.842
175.215
-8.23634
-322.817
298.296
327.773
45.5236
-335.814
460.346
-160.656
-36.6848
263.357
130.134
266.687
240.162
297.615
394.502
61.7374
95.6331
162.047
314.355
183.242
42.5668
-314.364
-127.324
163.713
-273.312
19.3705
228.788
205.46
258.243
-353.954
-472.906
52.4844
-297.245
-459.468
-201.351
-468.479
-158.766
243.83
254.862
447.099
-331.613
428.62
-249.527
-26.3499
-134.155
157.515
-292.995
-172.6
-421.531
-198.84
-271.779
-363.799
447.161
-213.635
-12.1726
-227.197
124.203
-401.186
286.898
378.499
304.839
-25.114
-243.014
-185.074
-326.782
284.426
-48.2316
-26.1061
252.855
-194.415
397.475
105.813
-74.4298
-392.408
431.534
279.38
-303.921
331.207
-499.209
-208.48
397.194
421.552
138.132
437.818
184.399
-153.014
-50.8456
100.553
-262.825
483.603
-260.867
427.733
-64.4778
108.724
-272.221
386.677
-307.111
111.841
252.887
-333.23
178.893
16.161
-242.07
-352.014
-106.674
196.255
95.6002
-429.331
-379.928
-220.764
-352.26
-318.564
-412.67
101.615
-477.065
99.8437
-418.089
-382.696
-229.719
-162.055
67.3271
200.935
-479.297
-320.005
165.321
-8.37359
-145.211
173.952
-254.343
220.439
-207.412
384.366
-433.287
282.66
-498.773
496.399
-300.024
-226.028
324.6
-135.546
83.8024
-4.50154
-467.858
-283.895
-451.021
-450.61
-321.617
280.934
99.0388
-414.91
-5.30888
160.912
105.643
81.6549
429.972
-417.163
-358.121
239.788
97.1185
-45.18
-25.0171
203.572
327.766
98.5376
45.1002
-21.6162
-421.756
-352.742
-66.4678
454.642
148.599
7.21487
-290.469
-329.698
267.686
432.727
367.668
-136.337
-117.806
-119.238
-245.322
-210.315
-320.383
-191.477
494.455
-380.291
-14.9235
146.773
131.508
189.98
348.35
-188.898
-256.007
408.452
57.1101
-33.7192
165.545
-466.511
304.092
-369.778
301.107
-438.601
134.574
-118.423
58.8455
162.277
428.111
120.214
-173.411
-54.9313
-53.3567
-29.953
-329.685
201.829
-151.451
-429.324
318.675
265.589
450.298
216.332
-189.415
413.34
-226.784
-298.644
59.2202
127.716
-439.226
-328.478
151.132
-399.688
98.9144
252.142
193.937
-367.839
-398.742
-150.379
-459.779
-202.684
-94.2731
83.7581
-351.904
-263.07
366.143
-57.0413
-118.856
316.859
-282.741
-132.36
83.7317
117.914
81.3697
67.6315
-329.012
224.712
268.643
73.7786
-16.9438
408.677
425.398
397.361
-419.448
-259.025
-280.221
175.868
388.584
343.427
59.0741
8.10256
178.374
-308.371
38.2844
64.5637
-215.999
435.314
-435.959
182.651
43.8959
54.5961
