218.133
-231.061
-98.6596
-22.2164
-281.859
-193.816
-198.895
-9.71414
350.135
416.622
116.897
-194.055
196.902
78.66
108.249
317.271
477.259
-35.8043
-114.044
-214.556
251.532
140.268
139.321
-322.727
416.274
-447.016
-294.228
-459.931
481.216
-468.427
-487.912
412.847
331.03
38.0909
3.67172
337.978
158.02
202.631
125.229
-283.796
-261.706
-71.6738
-368.882
-44.0643
67.1959
-436.564
-295.189
17.2801
-295.061
-68.2928
305.018
50.9369
381.517
257.379
-275.925
-45.2479
-268.987
-90.5646
-145.527
-484.968
-144.12
264.831
267.942
62.5279
-334.482
-358.737
-34.0913
99.5383
160.241
419.353
395.092
470.797
-78.5232
-298.949
-192.99
433.772
202.45
-273.419
477.714
30.3955
463.768
448.696
295.805
-410.467
402.151
389.212
291.422
458.323
418.37
90.9951
-38.1905
-445.47
-220.37
-208.032
-51.8366
-7.28001
-124.56
10.4636
1.20993
373.412
247.752
197.605
-119.633
-406.119
-410.201
146.362
18.8815
-186.032
-307.722
434.336
129.492
372.163
394.592
171.417
300.557
-296.163
-304.452
84.4826
146.696
459.087
-484.716
-2.28851
-194.282
-239.849
-79.3839
-358.562
-112.802
-459.927
-110.352
-400.196
173.172
-456.219
187.127
-398.708
28.3028
387.72
-460.244
13.6157
-75.3288
153.529
-424.65
-360.588
-239.817
41.8453
448.859
258.079
-135.4
-96.6535
251.999
153.349
350.156
-290.32
428.078
461.925
-54.4007
-155.12
124.546
-13.5025
333.223
-211.533
494.389
401.112
-180.91
449.314
490.127
-210.211
140.733
147.682
-301.467
-69.2187
222.062
-331.919
237.047
207.972
-397.769
349.352
386.118
-18.9455
-245.229
496.937
-67.9238
-72.6388
-204.679
-274.469
-326.929
359.013
-65.0259
-392.599
33.353
-369.342
17.0767
-320.279
466.158
467.222
-304.485
443.743
168.307
-78.0655
233.703
376.131
-193.222
-106.622
423.077
57.3202
96.7927
384.552
-142.356
-14.0637
-41.0552
316.901
442.445
214.948
-274.025
480.738
-142.548
65.3599
89.014
-91.0175
-168.204
-465.521
72
375.866
-51.9027
319.87
-368.215
-435.497
394.414
-418.412
-440.459
173.168
-253.019
-415.777
407.51
-351.124
-152.132
337.709
-163.717
-435.488
-100.504
305.577
389.129
-276.38
388.52
-448.982
90.9422
-408.986
357.677
182.995
328.557
-337.9
347.764
-201.821
-386.185
-224.1
389.667
-452.408
267.752
-59.3388
-420.58
-482.251
-127.471
352.483
213.001
-247.335
-66.5969
-19.2475
257.845
-422.841
-355.378
-127.719
-173.618
-20.8412
305.914
-94.6415
-85.501
-235.016
-465.131
-195.12
-119.977
216.69
-24.6909
-97.9343
454.006
-423.566
164.716
-51.4292
128.412
-276.703
149.45
157.82
-445.237
444.923
477.335
-85.5003
-79.4984
280.886
-35.1281
383.726
396.595
295.518
-355.577
396.644
416.218
-415.315
-41.6917
-297.62
462.97
-394.298
379.586
34.6171
278.988
60.2733
191.323
300.251
-248.291
-146.229
-439.716
-84.8563
213.221
418.603
70.3055
-238.842
-455.765
-470.581
109.937
-291.435
317.701
200.042
-292.707
93.9424
-93.0617
-141.865
-280.046
-385.713
223.893
245.179
17.5373
324.474
114.161
305.653
-297.253
-110.024
-445.795
120.978
-307.359
-276.5
452.092
430.199
-142.087
222.404
117.226
157.178
-448.605
105.066
-273.707
283.865
-4.80562
182.914
200.955
186.103
-15.813
405.734
377.968
197.043
-148.844
383.035
384.031
-397.834
18.8647
-392.403
410.617
-360.531
67.1574
-363.024
344.338
-273.426
8.73007
-325.056
12.0935
-403.754
-438.547
424.007
324.002
152.215
321.74
-132.438
-217.887
144.781
33.415
-50.1566
53.9317
234.903
-499.744
-446.36
-79.0585
169.774
-133.903
-337.183
412.623
297.772
-31.0167
463.72
-420.18
-30.9475
113.306
-328.348
-401.687
-226.899
120.211
-410.268
-20.3733
-213.875
-170.824
-109.182
-37.4565
314.81
-334.165
314.377
384.031
204.942
423.428
-161.574
93.5415
223.546
-58.732
-410.022
-210.856
-230.382
171.955
462.126
-243.519
274.885
-52.4661
-329.03
431.585
-430.834
64.2617
-177.129
-477.881
368.556
-31.4877
112.718
-399.475
121.023
-179.664
-277.843
357.086
-497.868
138.989
343.049
-357.87
422.588
363.29
-76.9347
497.391
374.783
-221.069
268.222
-327.601
188.975
-469.394
427.449
16.5453
233.031
-249.214
-223.109
-346.963
-26.2156
-242.413
-48.4235
-45.641
265.682
407.708
-384.254
-420.148
-239.575
37.0474
-213.021
-89.3401
206.127
19.1322
442.638
71.9319
73.3475
69.0042
-51.1479
-41.978
378.355
347.733
181.996
332.839
154.422
85.5946
420.479
-310.495
-10.489
52.8415
192.722
-418.981
436.118
384.841
99.6308
301.095
373.505
-237.595
-413.708
-474.072
-437.321
-432.573
231.601
-481.406
-69.6959
-192.217
156.021
-25.488
-96.1842
76.4048
-334.148
170.801
-23.3281
260.154
475.831
-2.16651
290.891
267.952
-174.808
-261.582
-280.606
3.92213
61.998
-25.7654
-436.739
-350.997
476.67
-475.54
427.195
-434.035
466.919
313.177
367.941
-277.302
-327.487
-284.253
-489.684
41.7189
-314.585
-206.864
-166.655
-19.2111
-76.6591
140.324
-227.444
-403.879
-7.5598
-449.173
295.185
-415.25
-262.359
-227.764
484.678
300.724
333.967
-47.5879
62.4485
-140.947
-58.5498
139.961
352.629
-477.357
257.896
232.69
-150.004
-172.753
344.443
161.406
167
125.384
466.717
-498.59
-236.771
-165.273
417.807
78.3149
346.075
-127.625
-479.201
154.052
-5.25409
38.568
224.322
-175.818
159.103
389.289
-471.174
151.986
-24.4151
500.266
119.493
-209.658
131.253
66.5386
-194.598
-236.658
-44.395
46.5485
472.2
-157.038
-20.568
-254.123
431.206
196.688
220.368
-394.843
272.535
-302.429
438.784
11.2417
-86.5583
-330.234
-20.1266
396.67
96.1484
-120.63
-97.0349
105.459
-277.862
480.861
496.1
335.091
477.205
-169.424
3.48829
-46.3716
-425.565
218
250.388
-435.019
165.377
-460.253
427.401
-287.653
-364.857
200.492
141.218
-126.593
-170.104
31.4123
-473.682
-260.639
451.389
341.939
-90.308
45.3135
329.606
-15.0977
68.2772
459.269
68.2642
-291.092
-192.345
324.905
210.701
33.0403
-431.101
80.6298
269.317
81.2677
196.527
-112.311
-129.147
-280.139
-427.159
-127.559
396.17
201.905
-333.335
-447.963
-380.127
225.419
271.682
190.719
-225.618
397.624
395.568
-445.277
-134.343
-219.139
-461.825
53.9251
262.349
443.51
-279.64
136.72
-369.476
467.995
-165.187
-179.157
427.7
-309.949
83.7166
344.982
-477.642
-276.562
407.819
294.462
-83.317
-262.851
126.444
19.7238
258.71
134.078
143.433
311.701
-387.017
-391.4
373.876
-185.793
297.504
287.985
-289.842
-372.491
317.419
-233.116
31.9136
436.783
237.559
-211.52
381.096
-449.124
141.87
235.846
-73.9068
364.264
380.994
-73.7338
-231.696
40.9953
-78.5672
489.977
-23.9511
398.104
494.621
-139.501
129.844
-140.829
426.15
284.461
295.315
-368.467
-297.973
344.145
-385.426
75.7829
156.252
-71.4737
-489.52
438.713
76.2012
-356.857
-163.839
474.76
-371.362
87.0452
-404.945
339.985
-394.713
-229.587
66.271
241.131
-368.129
399.726
279.183
338.789
413.653
-58.4293
-190.333
-164.481
-289.41
-225.371
-204.038
-394.273
-246.487
-375.889
426.229
-32.2812
426.626
149.008
-267.445
58.1923
-180.444
-255.59
146.811
429.471
168.596
-127.576
217.2
-468.385
142.709
273.446
-458.295
360.297
234.734
-87.729
-494.102
-180.277
-259.543
42.3217
352.937
339.575
-123.636
391.167
486
301.523
-200.826
-194.647
-377.696
-41.0421
-61.2485
-111.609
-271.692
226.895
-224.753
434.589
-238.01
96.2235
238.315
199.483
-343.943
350.025
-72.9749
-200.891
96.6159
-60.1003
-367.704
-210.214
-460.595
167.632
-203.327
-260.038
373.385
299.983
-340.653
333.016
-497.472
-226.366
-224.713
18.1174
166.19
-476.193
-246.927
-170.291
-120.517
389.87
437.144
-262.181
3.1696
-419.23
58.6298
25.4181
-432.287
-123.548
-176.04
-475.329
216.884
373.125
134.929
-168.332
378.338
-76.2904
205.11
123.012
-397.635
-49.1021
291.489
-9.36653
-323.304
-377.776
271.581
338.575
301.627
-449.275
252.115
-189.002
-172.809
442.936
100.764
-83.1996
105.19
-451.664
203.822
117.456
-90.9451
23.47
345.337
347.99
-70.7437
80.5198
411.871
450.311
-31.8148
459.6
-456.195
-127.977
-172.102
-455.065
37.6715
-400.049
-64.7527
488.142
282.564
54.054
130.396
-173.166
-401.096
-123.948
13.7238
-62.4893
123.348
-28.3034
267.108
168.374
52.8884
-430.396
-488.942
24.7311
251.67
-121.814
210.359
421.334
-415.457
-41.3654
125.831
-396.099
-291.321
41.6291
-404.77
-360.209
275.426
72.2999
206.143
-32.8742
172.816
-336.88
446.668
491.63
300.496
-288.305
133.85
-172.506
105.807
-480.6
-421.138
465.236
-128.414
-457.931
131.567
289.37
142.494
-184.558
-381.463
-448.286
-206.183
-105.286
417.996
262.204
-488.928
-31.3793
80.6132
103.629
-31.1508
-40.5832
-49.3665
464.1
-453.202
-278.022
321.846
-13.6244
-459.899
-365.061
393.703
-398.697
367.068
289.697
423.691
153.708
451.887
-114.56
21.2442
-190.114
224.318
306.111
-191.444
71.1916
-435.646
26.2376
60.5163
208.981
352.011
372.266
389.005
