222.198
218.886
9.71454
-208.657
104.796
64.6623
298.762
495.442
-144.596
-11.3533
352.232
497.956
486.8
-386.903
148.917
258.55
258.659
182.863
155.567
136.895
301.008
-77.0159
-151.366
-111.833
297.692
-86.6461
-491.448
-116.227
215.974
-383.261
326.743
-233.005
-116.247
350.775
304.387
29.1776
-186.226
-202.166
175.651
130.554
434.185
-120.267
298.802
-400.88
-236.625
376.667
-422.953
-145.769
-22.5404
308.015
481.213
429.323
-440.386
-2.03183
-442.488
-86.3804
346.787
-299.306
-440.142
-157.366
-481.329
-237.134
140.706
440.481
-376.447
-487.174
82.6888
22.0993
-44.9857
-136.112
153.717
-361.147
426.14
-143.093
357.64
40.0487
331.492
240.25
157.086
-132.445
-426.228
-388.192
-33.115
28.9916
-431.423
-62.5743
-384.596
82.6443
81.1748
-174.017
23.1971
-274.784
488.249
-323.888
-192.766
175.867
-72.9507
-124.911
-471.351
-181.166
316.006
-484.914
-164.462
-8.33698
-290.296
-181.452
393.42
165.183
468.271
24.0035
-442.403
-277.031
-260.93
118.419
-52.8447
132.055
40.326
-66.4523
-181.526
-447.424
254.143
-282.315
-82.1125
26.2325
-433.568
-208.42
247.107
388.325
-384.393
-237.317
303.329
303.088
483.341
45.4433
-441.33
133.689
-118.744
340.037
-360.503
248.24
413.505
167.042
-439.11
-165.648
59.111
257.741
269.338
-203.096
427.369
-414.545
238.407
-61.1726
461.239
55.0075
264.479
112.813
-256.907
335.596
-332.222
16.5198
401.21
250.773
-332.089
420.227
199.408
125.158
380.007
-291.966
84.5404
159.988
147.221
24.0037
49.6557
97.1442
357.845
-270.21
384.924
-426.603
-471.853
473.473
-178.603
-106.076
-281.962
396.856
242.016
-212.521
326.645
-290.365
93.125
255.178
498.173
-207.025
43.3721
-97.1112
-477.458
-183.486
-166.215
211.67
184.605
-311.679
162.37
-312.858
257.725
-362.316
487.732
-298.82
139.883
-366.002
-136.472
195.48
-30.697
266.991
-165.528
142.088
84.1877
273.753
-474.967
-232.573
-186.834
-80.5422
-209.384
157.471
382.206
-29.5215
-483.586
-129.609
-100.967
208.194
372.262
113.627
301.049
200.007
470.992
5.70837
-24.4699
-329.392
-462.613
80.1199
7.33493
-360.498
331.643
2.20314
383.707
-196.104
57.6801
209.418
194.111
131.746
-339.007
-319.928
220.705
-94.3299
-133.183
-25.1363
-281.091
128.438
-372.74
-42.3433
338.039
-9.41632
45.1785
-251.448
-125.261
401.392
17.6487
-324.744
-367.641
418.671
90.5235
138.341
326.441
481.348
-394.421
-452.629
-259.139
125.178
177.88
40.6072
256.821
264.408
160.32
-9.82337
-5.22558
25.7849
-369.302
-464.364
-427.905
391.925
466.404
51.7852
-303.6
-26.8603
50.5899
-281.621
6.46711
-78.8806
-132.181
-191.749
-14.1985
-230.156
378.66
-76.2436
137.231
125.891
-309.723
-326.178
-351.639
91.8024
417.506
206.64
416.452
87.7602
-371.225
183.04
494.043
265.924
104.715
176.267
-307.336
342.581
-476.835
-227.381
18.7968
227.704
189.607
357.275
-216.865
151.692
-221.544
470.513
-244.928
-85.2891
75.6038
88.5883
60.715
496.998
-96.928
-363.024
-40.5624
-49.0272
-22.071
333.228
-348.338
324.025
-316.653
282.469
-27.9746
408.223
-126.314
483.518
-424.98
221.579
-201.895
-134.633
-172.33
-469.626
-86.9624
430.337
284.775
2.18201
-45.8999
160.008
-149.409
-174.453
62.0421
-459.752
135.487
-5.93041
262.934
-76.8393
321.223
-126.665
346.32
-340.486
-308.363
229.524
124.319
425.138
454.763
-46.4501
-254.561
-500.828
184.534
-224.43
144.321
379.731
344.735
-370.73
-60.3977
-319.151
50.8841
-220.024
-435.207
-445.93
241.752
403.776
495.582
383.361
-408.362
-124.584
-406.06
-15.2278
-7.71127
438.851
-94.1745
433.87
-303.677
-317.261
-296.056
125.854
-252.571
-31.1208
-431.234
425.269
19.273
-389.279
51.1678
173.128
-287.465
-123.988
366.981
-23.6977
-208.752
406.541
-101.15
-39.6152
59.0258
-98.8743
482.218
-326.855
70.9963
-423.824
-117.64
-178.043
205.931
283.743
-356.889
240.57
-145.4
-67.4487
-176.507
-97.2711
-174.8
-222.792
-217.289
-155.509
262.78
-407.449
173.285
-282.525
384.524
-449.129
-370.709
-304.054
-333.809
259.659
-475.566
242.848
-50.0759
304.384
12.2872
52.65
36.2252
152.488
-42.5916
85.7265
498.28
-165.528
221.553
382.099
-338.084
-62.6785
495.689
461.017
-268.167
310.129
222.294
52.5217
319.879
-465.029
137.022
-286.585
-82.6105
1.29159
418.695
356.526
22.1486
67.43
-221.732
-60.602
290.848
267.353
-230.511
268.66
-21.8841
-409.86
-281.445
-291.208
145.558
165.219
-172.89
-318.032
-437.951
209.876
-410.909
146.581
-138.209
211.899
230.808
416.11
211.249
408.598
19.4141
-353.749
-489.306
-226.226
-37.7145
-354.234
426.72
-132.347
331.588
36.3872
189.862
-335.517
225.846
-170.363
74.5958
-426.789
-275.767
255.982
296.507
424.269
23.4657
306.887
339.613
284.816
-215.163
137.997
66.4893
322.695
222.141
226.43
69.0195
-387.747
430.757
-106.86
-122.937
-58.4858
-306.631
93.5883
-301.607
314.444
-196.607
418.794
422.956
-52.4314
-231.548
438.834
429.08
142.354
467.309
-84.1014
-277.343
-233.648
-4.95974
227.218
202.64
-320.336
491.103
-159.344
477.62
-56.1552
-487.637
6.73463
318.569
-273.554
395.303
373.124
-497.243
-253.62
-431.009
305.769
-19.4987
-29.8967
-362.235
-421.66
398.016
46.0217
469.804
-299.369
198.845
-71.2515
-427.579
263.794
48.1481
-424.024
495.251
-109.806
-352.897
-22.3507
-325.943
51.9864
-418.826
-106.612
147.764
174.002
475.904
-437.758
186.63
-325.304
-215.965
-210.935
-476.12
222.965
457.444
-41.1497
186.326
-4.34636
-188.144
-490.781
13.9391
-179.518
407.037
-390.326
-315.827
-325.445
-461.959
-240.008
354.12
264.097
205.288
91.9512
395.382
-493.766
-204.256
416.435
-146.331
-205.038
-210.229
-144.035
-307.995
54.8481
2.85979
205.033
254.828
165.544
271.376
348.731
-350.793
247.285
-324.044
-270.243
256.673
20.7423
67.6463
-489.957
131.258
-142.596
-336.661
488.098
-313.758
-48.6059
-408.137
248.892
236.833
310.979
-156.897
-28.2507
53.5041
-377.471
-210.771
493.792
409.234
-473.146
-481.017
334.384
111.886
376.909
-277.327
-275.954
-118.979
-72.0362
165.155
-186.445
-146.28
-336.81
428.344
196.079
463.99
-80.4721
127.468
236.782
-294.847
-256.377
-236.493
-83.3334
116.263
-128.347
252.657
497.078
375.708
252.987
161.49
138.629
-115.291
-67.4861
-130.958
479.113
414.959
-494.978
-264.821
-3.92303
230.681
-159.503
444.062
-379.274
487.469
-120.822
-78.327
271.438
-475.553
433.376
-140.192
29.3151
-144.979
-203.602
99.605
-287.884
336.795
310.624
100.968
-97.628
-319.159
-234.395
474.902
-88.104
341.756
-53.9649
430.97
-34.0982
-104.573
-482.749
-442.225
31.4646
215.02
56.8774
28.9868
-401.425
369.956
-242.633
138.652
292.312
349.217
459.356
426.557
353.136
-228.154
232.309
-103.518
446.398
102.862
-131.527
-154.781
-476.995
-165.771
-366.594
47.364
-281.83
2.18303
-173.768
231.639
-456.87
359.788
-127.172
449.952
-278.845
-73.8455
181.663
-440.323
-250.364
-375.285
-407.516
272.864
-316.23
427.532
200.787
-13.901
-115.964
343.836
-333.996
313.705
-343.602
20.2123
-113.178
180.923
63.6298
-477.499
475.857
-157.492
22.4103
-279.084
-241.195
377.855
163.674
-97.2951
12.479
107.51
295.552
-378.347
85.2585
-269.27
-112.477
-117.035
-494.133
377.42
-356.551
-236.74
-446.489
-451.906
-333.285
-104.834
457.202
-198.846
337.067
-158.483
133.462
68.2139
-171.523
-331.272
-456.775
-179.198
362.197
408.073
27.5332
415.85
406.181
-203.583
230.028
113.136
-476.621
486.42
-196.371
-353.022
236.882
-30.5493
-389.987
-3.98452
122.686
57.87
-269.037
8.03796
-491.404
-35.6002
-111.05
-285.526
-417.354
194.755
-323.58
-478.62
-229.071
-251.121
-215.916
368.242
164.163
485.822
396.832
105.418
202.481
-106.667
286.754
398.202
-161.139
-314.834
137.733
42.1828
299.622
482.863
-45.4088
351.141
-274.217
139.772
-327.823
-56.2853
-383.209
-340.834
-52.1455
-371.072
-328.993
-195.005
476.359
-330.531
27.4911
288.52
-161.499
-279.472
473.625
103.766
161.435
-328.751
-320.003
-211.606
405.622
-82.434
-265.584
198.341
-11.6264
-14.9241
-339.265
109.017
440.106
433.48
304.733
-212.178
194.297
-7.81137
-207.514
-383.449
-299.096
344.75
-240.322
-303.622
-68.9624
288.066
118.991
405.991
-282.573
469.827
-373.717
-50.474
-219.933
-79.3143
274.703
37.583
-425.647
135.479
-422.424
414.918
254.647
-396.614
97.0669
429.734
139.077
463.946
-78.5647
-77.8074
69.7049
-222.945
116.885
415.207
-139.861
-205.502
-486.786
-50.672
-320.403
112.071
246.891
-294.109
438.365
395.761
-269.474
312.427
127.691
-180.587
-292.9
-284.108
143.48
492.047
-107.029
-368.7
487.005
341.902
-19.5752
-116.864
391.066
-471.869
-483.194
496.72
-316.669
-352.461
-270.102
-39.3306
123.179
-40.8488
-71.0965
154.64
-387.32
288.998
129.553
361.835
-415.487
178.159
115.001
-6.56686
349.186
38.2392
-492.597
-29.8695
-105.947
-342.985
-477.267
232.145
491.167
-268.482
-424.005
-138.34
461.021
235.174
-488.378
-4.6926
97.7691
-453.851
-117.502
203.143
-51.439
-397.493
-40.7529
-390.293
-147.781
-149.641
-286.092
408.279
-101.48
-320.137
-382.195
424.421
364.761
67.3301
358.993
202.711
313.6
-436.138
226.842
383.274
482.207
-443.41
317.895
12.4129
492.142
6.23217
154.379
351.301
-305.925
498.402
-186.104
-72.3495
298.318
-351.057
-331.919
-396.784
264.246
79.4243
-188.883
-498.516
-421.387
-52.3624
-432.401
91.9048
-319.294
-400.244
-288.42
2.10206
-478.081
108.898
84.4903
-121.125
342.875
-427.877
-289.387
209.783
-428.141
283.539
162.809
95.8679
462.75
484.501
-465.705
334.908
336.763
250.786
446.487
266.989
69.4605
-318.12
118.258
-66.6204
-287.05
403.941
222.602
428.962
-492.921
433.523
397.067
399.412
-209.236
-152.083
-19.1098
442.086
-110.938
444.417
-285.11
-272.595
-358.197
-19.0184
-173.344
263.152
-358.444
-121.891
462.105
-486.34
-168.502
-324.065
-54.4949
273.182
-23.3565
-391.629
225.638
-377.626
-337.76
161.634
-341.625
174.369
-118.46
452.58
-314.563
248.906
74.3434
-167.678
-336.122
291.271
155.46
-164.945
344.123
-461.932
-436.216
-189.986
45.3506
474.91
-157.615
241.376
363.41
452.244
60.2531
-63.5915
57.7817
252.853
-34.7618
91.3384
457.368
-57.7674
173.835
-168.424
-109.109
-379.996
67.8234
-235.904
108.654
-365.986
-305.07
62.2813
281.44
73.0929
229.931
-192.087
-214.701
-77.8832
494.608
-104.722
-386.642
367.442
103.09
-382.698
-288.494
-377.651
-175.262
453.415
252.066
-269.904
187.94
166.297
208.845
-288.178
-487.488
304.171
374.618
-325.594
271.959
-186.453
-453.976
-151.016
-1.03566
-82.9409
127.94
232.099
311.836
215.52
-139.576
-221.135
-393.598
-498.193
193.919
242.925
29.0791
23.3308
490.482
-109.294
275.779
-241.619
42.0803
216.598
369.114
371.599
-432.816
-132.754
115.04
-91.6307
451.734
271.838
260.934
460.868
-466.516
-239.933
-259.397
143.013
452.27
152.395
288.73
-327.074
-113.727
44.9605
-87.7744
-34.727
-468.147
17.3208
-98.7334
477.496
-45.3515
-304.544
195.981
103.227
-304.168
466.634
-276.615
311.444
250.536
116.109
489.995
-374.818
454.401
184.224
-367.328
-115.384
376.149
214.429
-364.484
217.38
-70.2771
-258.549
474.722
-234.234
-423.397
60.5681
498.179
368.535
324.525
-2.71495
-211.479
-101.533
-35.0257
156.757
130.618
65.1615
-55.1519
44.7866
-390.704
252.132
126.363
224.494
-245.087
-74.123
-142.788
-258.466
191.937
438.894
-172.962
-123.472
466.789
-1.47428
-9.34427
-48.8151
322.281
211.149
110.648
70.187
25.6716
-422.347
-218.148
-19.7253
37.8117
134.047
-51.2705
11.3527
-443.152
-37.0004
56.0878
-349.545
383.763
-324.013
493.337
347.145
-35.5103
184.467
447.304
-160.743
159.812
192.889
-49.3082
-226.142
214.068
441.957
345.958
145.525
-349.195
221.131
360.739
-358.54
334.767
-146.907
244.2
264.186
99.4395
112.094
-158.316
138.208
98.378
-139.54
368.666
171.056
-251.603
57.3932
-457.463
5.59103
455.94
-71.3004
-457.148
101.152
-289.561
-202.335
48.4812
317.26
-417.709
88.1951
238.865
1.23664
148.439
-99.8106
-471.563
-395.132
254.9
124.643
-298.919
-265.636
-436.04
33.3558
305.515
128.381
-304.416
-6.59873
-472.827
-30.7501
-63.4653
-224.168
-232.962
-459.531
82.7327
-196.911
306.969
467.131
-427.518
224.531
-348.103
453.256
-66.4871
192.8
-464.691
-157.58
-351.111
60.1841
-498.049
-68.9361
-100.89
459.433
225.393
147.869
-424.05
382.944
222.311
421.671
293.055
-325.113
335.022
282.902
-361.442
267.207
359.801
437.272
98.99
365.551
320.268
-474.294
-382.82
13.4704
-190.438
390.93
46.6136
-238.239
195.736
-64.7697
-361.227
413.668
-165.12
178.719
244.644
-85.4936
-54.6909
-306.229
414.025
39.643
-251.841
84.956
143.616
177.091
341.336
-393.53
-70.8378
420.59
-155.138
-497.069
140.58
-461.693
-139.35
129.783
-84.6217
-154.838
96.9989
-131.918
-59.9889
76.9679
47.8702
100.887
-274.696
-351.666
117.787
326.615
428.297
450.639
-53.23
-118.022
-246.847
471.315
9.65402
-81.4616
-409.243
-467.968
125.928
-72.821
87.3325
327.458
-270.222
-460.488
-439.381
263.167
488.549
127.463
-151.049
-76.2425
-199.011
-227.346
-313.134
-62.3667
261.169
-336.686
56.675
-50.621
315.217
-22.4168
419.236
244.209
163.773
140.181
467.449
-472.525
-371.128
-271.714
-392.185
120.323
-466.268
498.855
-118.152
-346.84
57.5845
184.966
151.841
381.605
297.846
-127.435
235.21
-428.755
-296.831
-287.6
-31.5493
339.369
361.931
17.7606
384.7
410.452
230.858
-416.105
21.5935
195.312
316.496
81.7347
-419.707
-155.044
-207.959
402.554
-347.567
-234.325
-77.1476
186.582
113.687
-401.131
189.453
224.244
-111.946
27.4856
239.303
-477.148
-116.71
-372.549
71.8369
61.1763
14.0275
125.902
-44.5873
50.0223
-406.517
499.819
-265.389
-304.015
140.618
302.777
437.721
35.9327
-409.118
376.1
180.586
397.359
-229.778
-282.788
332.743
429.639
-280.964
332.23
-150.521
-420.689
464.746
-168.061
500.391
-453.899
109.476
387.465
264.275
481.675
305.084
265.418
-94.274
-374.088
121.515
-418.592
339.563
60.1743
59.7464
-203.777
-429.229
-466.647
-484.675
325.766
-135.935
240.003
68.9042
-75.8466
-197.477
35.4166
153.252
88.0275
290.289
-294.125
373.437
407.173
152.578
338.37
-224.932
-383.204
468.577
-298.887
-125.628
197.66
321.668
-139.098
184.085
-464.735
372.327
321.41
-253.762
-45.4297
99.4041
40.5941
44.9365
182.204
-44.0055
47.9953
-352.824
-489.739
-475.731
-146.412
-352.962
-131.191
-367.007
468.053
-178.185
-24.109
394.282
-98.9253
485.501
449.733
-259.22
196.141
-240.383
-283.536
-311.716
372.931
-38.0944
-386.966
453.723
22.8698
-365.501
-406.496
108.682
-196.003
-283.551
-120.69
-140.463
151.814
499.71
93.9601
362.298
473.104
468.012
302.493
212.09
50.642
-369.342
334.375
459.56
-69.2069
-173.112
-282.881
3.72806
191.421
-367.045
311.865
-249.272
126.735
-142.039
136.019
251.591
-428.72
-140.799
95.9559
-290.471
-340.469
352.06
-274.159
55.0453
356.226
247.962
-148.434
450.06
211.518
-201.397
443.228
31.1978
70.9198
-132.042
-269.356
329.038
-383.097
-230.175
-33.8864
119.837
204.311
55.2039
362.032
-124.913
-94.363
418.087
-276.297
406.539
118.281
-11.0924
458.095
494.462
18.2293
-495.449
-6.85726
-439.229
-480.083
60.9127
496.696
-412.665
-9.13547
125.65
277.036
-129.649
67.7707
-279.955
-477.873
364.058
496.054
45.2175
-471.792
211.079
475.879
290.99
454.818
-60.634
31.4069
-246.386
215.474
200.76
13.7765
306.11
252.132
-484.751
-26.6747
-248.096
11.4145
447.342
228.167
-456.868
-438.987
-143.938
200.786
275.837
263.359
196.504
454.312
-265.785
-169.783
-451.629
-277.504
-191.924
155.901
-273.211
374.597
-64.0539
244.581
-280.979
95.3163
-358.627
30.4133
-132.811
54.746
188.17
-146.13
-417.986
336.525
-209.553
246.176
373.495
-209.843
431.358
142.541
-396.791
-266.153
93.5326
307.549
-278.292
121.938
83.824
103.261
188.703
108.72
429.212
378.02
472.669
-237.256
39.2871
113.364
114.654
188.496
-173.083
431.53
355.34
-414.836
318.537
-437.975
-454.882
-402.496
398.591
183.801
365.379
272.288
297.853
337.745
262.168
-117.694
19.2858
-383.626
99.6929
310.791
313.558
-422.471
292.461
149.534
-102.483
59.3127
251.391
369.529
-214.252
-458.751
230.514
-408.672
-122.67
121.426
-87.7592
137.593
177.982
-166.758
382.031
158.495
146.627
-449.376
46.408
444.262
23.1778
234.081
476.46
-500.491
-432.05
-318.493
-51.1335
418.127
-13.1494
-196.558
398.177
376.694
-69.8603
439.823
-141.974
373.929
-284.099
-415.844
247.762
356.689
-35.2518
-196.622
-128.267
-312.501
-196.635
-33.5963
-361.112
136.617
233.359
-44.2405
457.525
37.4854
-23.1786
499.183
366.664
447.754
28.0529
-485.301
-256.125
294.736
303.861
44.5716
-235.622
-92.9446
254.628
-341.315
-52.3542
450.778
-329.13
343.474
-302.833
94.709
432.603
-484.205
-374.812
138.488
-104.274
-340.645
361.248
305.878
-67.7744
-325.029
-22.9936
192.661
222.767
-44.9167
-324.363
-353.486
216.636
442.694
-113.632
-267.119
-261.242
-54.8019
-38.3532
235.365
-4.87253
-223.256
-333.201
376.989
-449.053
78.5686
58.5317
27.3814
266.745
363.614
48.2573
-95.2833
235.497
-428.988
7.76488
-376.978
-221.748
-37.5035
-13.152
107.918
333.399
-232.621
115.541
164.098
227.077
-259.663
155.445
81.8336
2.03158
-161.793
-172.176
-19.4339
136.005
-445.873
-468.43
-108.363
237.277
190.76
97.9852
232.103
379.569
97.3973
-343.713
-422.957
187.053
-352.541
120.522
250.152
425.912
-402.685
246.816
-193.171
349.03
333.911
235.788
-269.078
-54.7805
147.373
42.7063
-241.237
-152.08
-85.9876
462.753
26.129
29.1652
280.007
436.861
257.074
354.109
-229.906
-153.999
202.255
-362.46
104.273
416.958
131.925
-436.288
-338.64
51.0527
284.705
-290.583
-353.199
-34.8896
-10.3342
198.259
-475.896
236.225
-58.038
-24.779
-500.851
4.82113
-7.77462
347.689
337.15
208.184
-475.96
183.567
223.209
-436.433
-104.455
-470.784
-483.95
-255.502
-302.694
201.298
219.018
-433.322
-144.229
70.2071
176.753
100.234
-274.157
478.871
499.257
227.909
-46.9952
-181.063
-402.702
69.9323
-213.847
5.94179
474.35
156.658
-217.274
-96.9582
2.25535
-43.7388
477.993
-270.778
434.914
77.9626
194.381
9.85398
-192.592
-299.48
348.017
336.304
241.685
437.947
216.826
-349.985
-229.097
492.493
-413.334
181.341
258.958
327.157
15.3293
47.422
-413.798
111.36
149.323
81.1822
437.624
-346.966
-51.0342
-370.532
87.6755
484.222
123.296
-346.258
421.866
-332.593
7.42622
142.116
223.917
180.039
198.139
261.248
-277.35
-287.214
302.166
-105.516
17.7701
-387.851
-252.3
-20.3208
-404.523
108.361
229.93
-330.173
500.953
-324.087
-268.433
-331.855
-190.549
-371.166
273.814
379.555
63.4196
429.65
498.514
486.886
299.885
-311.987
-342.724
-480.661
149.372
39.7682
387.083
460.587
-487.691
67.3455
305.436
50.0885
211.307
181.575
-426.709
-109.859
-260.708
253.408
-61.0071
-444.108
-35.8178
125.185
352.499
-497.532
414.526
-98.6954
-8.77784
-85.8177
-125.522
426.906
-432.854
-275.825
-455.612
-293.993
-260.303
-223.998
218.977
216.022
-431.955
-408.667
275.43
-63.4433
153.146
-1.29276
413.654
327.9
461.964
-37.0692
129.959
431.195
66.163
-183.383
1.37658
353.617
109.958
276.813
266.646
166.596
486.517
-195.46
93.0879
-243.679
-124.085
469.628
108.81
141.306
-53.0168
457.114
-221.094
484.725
70.0135
213.44
98.7945
253.451
-44.9253
482.483
-469.272
-190.065
-3.91089
-344.4
-57.5169
284.695
-307.395
-161.927
-49.5384
-356.541
-405.19
-453.211
-447.018
-86.2966
152.574
-126.956
-291.942
212.202
473.715
-405.575
-39.3086
-138.765
429.078
372.193
444.345
-95.168
295.715
-350.52
-252.041
231.676
2.59623
23.4607
172.653
-87.3918
-289.265
174.6
180.236
172.278
-111.058
-84.9294
-270.204
-401.937
-225.477
305.652
186.273
-379.133
-392.96
480.408
-135.257
-208.98
57.7664
250.096
-193.945
344.315
463.844
357.405
-106.342
296.967
8.79983
-306.337
-136.947
-380.943
-85.0641
92.5194
-426.151
141.843
182.08
218.92
311.312
-178.028
489.48
-6.2036
-291.776
424.641
402.79
-492.65
-413.448
66.6446
231.944
-215.833
-457.664
139.013
-246.614
12.7695
-418.168
-330.082
223.232
500.47
-136.456
312.584
-153.089
75.9846
-175.827
-62.0484
298.793
62.8662
132.557
-393.201
56.8125
434.097
93.7684
379.629
97.4649
329.008
-302.21
-270.168
443.827
18.835
-485.782
-24.424
355.764
-38.0323
286.17
364.492
334.204
314.963
59.7687
-241.972
-71.6904
-388.155
209.573
-326.199
-1.47617
270.053
422.917
268.833
378.767
264.003
-235.099
-4.91904
-424.084
494.275
11.4735
-138.086
-304.228
-454.064
-181.565
164.201
-122.297
167.299
-225.731
320.895
-239.998
-266.435
210.393
41.4001
-88.2357
-115.329
-268.923
179.873
-276.657
-83.9533
411.2
-138.263
-179.408
75.7106
238.695
6.63721
478.504
450.79
-41.4257
320.373
-24.8655
226.371
186.118
363.941
37.1811
417.998
193.048
-478.878
358.823
-274.596
-448.195
73.2109
51.3051
-112.594
-13.191
219.392
-365.669
328.845
-349.006
-11.5629
137.68
331.569
482.822
200.184
362.036
436.163
253.014
-233.929
30.3745
394.049
-276.49
-78.622
-56.2041
190.947
97.2532
-288.398
-129.07
-62.6607
-427.414
450.536
234.626
96.6798
393.073
288.958
174.131
-464.013
293.449
-89.7807
447.102
251.863
-480.237
-276.288
-157.228
218.199
-98.7941
-371.091
52.4345
318.059
295.379
-365.955
287.024
417.132
-369.602
-427.125
284.64
-358.06
216.25
-371.184
470.297
-455.12
-255.118
399.511
290.981
-250.06
-321.586
-52.8712
-442.982
186.083
473.916
-126.288
289.197
20.4329
-115.696
375.925
-478
152.084
-154.255
-37.6702
266.164
28.5969
-400.744
-193.36
48.4713
153.31
-489.651
277.943
260.946
281.294
186.993
-459.634
-485.264
-395.11
-160.313
81.7551
217.511
-11.227
-188.82
-458.981
-81.0299
-256.679
-388.889
-346.528
-329.998
-23.4757
-282.042
178.984
91.8283
-403.825
3.87512
175.618
-92.9319
-336.641
388.432
16.0434
404.912
37.1428
304.344
440.635
-8.49375
148.334
444.221
54.8417
-398.413
285.19
441.246
120.673
-144.653
312.93
-249.936
499.547
-98.6956
-445.649
417.361
34.3823
347.395
-213.391
7.03414
324.665
223.899
-304.734
-67.6628
196.323
-379.722
-242.401
-335.227
-281.506
275.638
-333.962
-110.439
115.854
48.0608
246.449
-94.4766
-457.542
177.969
480.52
-184.683
-454.947
-183.097
-191.063
-436.296
449.247
-196.723
401.933
148.554
-261.995
-344.031
-248.71
76.5584
-253.883
465.527
-497.158
-408.247
211.616
-146.454
106.669
-372.247
-291.684
-336.125
-373.132
208.403
-178.294
-140.572
487.942
-130.255
-468.657
-473.229
242.993
414.921
469.821
-354.288
-141.124
-129.405
292.504
123.424
-447.21
297.763
-381.262
49.5082
152.464
-108.03
-272.546
-83.9367
-459.734
467.149
57.2321
3.04439
-44.9716
-128.164
94.9804
-500.112
-80.4155
164.695
233.209
-327.882
390.967
3.79521
-14.1696
-176.053
83.5896
-400.459
-461.639
336.178
-32.9529
341.087
-212.929
167.124
136.074
252.022
43.0212
-251.957
12.8157
94.5006
-340.484
497.889
410.755
61.8955
298.851
376.005
359.415
-456.737
-55.2908
-362.689
-452.68
-57.6478
191.615
426.688
-62.3572
-228.417
288.742
-323.915
-121.654
68.8925
280.884
249.309
-158.99
-209.643
-326.908
-402.645
184.043
272.288
266.898
-77.0891
217.166
229.096
-28.8115
-202.406
-435.822
67.9704
-213.196
354.005
20.3262
-83.4666
132.979
123.822
443.405
189.68
-92.0866
36.5572
69.2744
312.161
-315.665
-245.551
-282.866
465.194
127.801
365.248
-379.847
492.362
-431.826
-326.848
9.29312
-82.5332
-280.296
-407.632
381.744
-444.656
-231.359
-445.897
-500.729
7.28694
-227.29
273.658
-318.25
116.963
-379.203
122.307
457.338
-486.876
-320.931
84.2051
-111.301
-397.084
216.069
353.885
-251.072
342.33
230.707
-82.4988
-379.008
-296.033
140.273
143.708
-120.181
-332.246
22.0916
140.786
-442.313
-473.052
-377.851
372.181
-185.109
-104.284
327.499
-461.772
-383.245
461.718
-173.146
-118.13
233.009
231.438
363.827
385.493
407.095
461.522
182.482
410.868
45.2146
-280.406
198.936
-76.2206
-496.983
-102.699
-140.365
-460.456
168.205
-125.475
-61.1181
-335.172
366.513
250.159
-127.398
-413.585
-173.179
-42.3261
433.169
-451.296
153.486
-97.2817
271.823
-164.224
246.631
469.06
297.667
272.962
-97.9256
-210.175
-181.147
-394.936
314.751
223.442
-52.8088
-175.073
-225.732
497.145
327.092
-434.583
-448.068
378.472
-204.874
-406.914
171.554
-25.1234
237.849
204.028
-354.321
297.52
99.2077
110.425
241.946
-319.495
-265.938
139.761
-154.721
-456.74
166.666
159.395
477.743
-187.922
-101.578
265.191
316.421
-360.03
32.3032
237.568
75.0235
-340.288
308.142
51.9664
495.281
-319.459
-369.36
497.167
160.373
-59.6953
74.0387
214.851
384.598
-303.088
42.3352
-188.15
-94.7188
-455.32
5.4864
-362.723
12.9926
-159.713
158.036
-226.456
338.969
77.36
108.038
300.466
364.092
-406.537
141.21
-20.7855
-120.125
135.789
-480.392
123.378
177.694
372.737
436.972
-151.139
382.345
-185.948
17.7102
480.02
86.9681
285.229
-478.243
461.106
-279.119
-220.98
92.4074
249.895
124.45
-102.832
-218.826
334.362
-479.471
-88.5553
3.72421
-375.983
-452.131
-315.87
464.225
25.7424
-370.871
-499.856
88.0803
-230.38
-369.384
270.952
-84.1842
-186.382
-122.625
57.8362
-340.512
214.041
92.0304
-220.017
-303.888
-296.601
-489.482
135.037
-43.2081
287.092
195.63
-497.802
160.359
-340.47
456.121
406.333
329.125
-86.2753
147.286
474.411
49.0516
122.932
-64.4689
113.095
-120.387
17.269
455.231
-92.832
-196.255
395.575
-328.608
446.008
-419.282
-75.8879
-335.576
-14.7416
318.311
-420.161
392.643
-487.457
-430.443
-326.047
16.7972
498.265
-349.181
362.428
-192.747
332.521
-337.719
175.598
-455.708
-54.9225
325.013
153.8
-5.33854
-227.686
142.983
-318.455
-469.613
369.833
207.559
-493.583
37.6961
9.33589
231.514
-45.7105
-372.273
-458.242
-72.7161
-411.942
-250.299
-10.8357
190.362
50.0632
-143.01
475.77
149.156
247.876
-292.457
59.2677
-439.145
-208.193
202.611
-5.7047
275.477
350.382
-54.2757
416.059
-187.509
401.613
383.018
178.088
-343.735
216.026
-180.176
157.163
-377.272
427.739
-28.791
352.21
348.091
-327.044
60.8104
-144.005
-206.224
-75.8378
-420.001
118.415
176.89
396.929
106.735
-473.387
416.448
60.8897
331.57
246.507
-112.693
-79.0278
-313.653
-418.822
-265.65
106.119
-245.586
-446.387
55.9752
276.542
-394.408
-143.717
148.054
-253.095
114.707
156.285
-70.1522
-397.902
455.345
400.682
-308.384
-403.646
-228.334
473.446
190.349
-444.02
-496.915
-392.612
-289.343
-121.593
142.308
128.449
-10.1905
-93.2656
340.076
183.531
-497.748
-199.43
-434.21
-7.39206
-419.863
206.315
36.1483
-58.748
241.634
-226.541
455.219
93.4027
378.342
-427.945
-177.616
-363.878
-195.653
-398.446
-233.184
251.421
-354.25
66.8261
53.6624
-212.89
302.915
176.238
291.421
220.544
-453.309
-385.181
-256.966
-303.289
309.367
-79.4806
-104.573
192.599
285.637
346.222
381.999
-131.595
-495.543
440.049
74.4741
-453.727
-306.083
155.708
-84.9675
12.6667
157.732
-433.886
420.049
-218.129
-382.91
-41.9852
120.463
-446.824
-478.414
399.97
-44.4668
77.6712
189.606
-410.598
189.376
165.908
12.4122
-106.413
223.28
135.147
-385.893
-368.1
-347.712
119.361
198.797
-376.014
-370.028
90.8141
-184.065
331.207
421.677
217.549
93.909
363.551
145.504
420.379
-172.829
34.7518
-100.403
-343.668
170.444
-39.4644
-170.368
-97.106
128.691
224.874
-422.427
481.458
-263.385
330.525
340.705
-437.285
-36.3828
31.076
-123.149
432.986
91.4262
331.065
99.7286
113.227
-353.484
275.788
277.524
289.248
-99.2536
-446.797
367.678
450.494
353.118
37.8459
353.313
266.861
440.282
-203.534
-23.0975
265.43
151.863
-149.493
295.463
467.296
55.5152
331.675
295.175
324.253
-260.739
121.56
-329.931
55.7918
483.347
307.223
-73.0872
-380.026
-110.87
-151.337
465.261
-298.049
-29.7257
-440.969
408.893
470.193
-124.321
-280.684
477.174
221.464
92.8014
-463.964
-98.3392
387.838
-370.51
-112.541
154.808
353.547
-37.3134
6.43415
56.7385
112.838
-65.3805
132.312
-226.997
500.075
379.463
482.687
305.029
184.011
-406.701
8.30954
-204.142
243.043
-153.373
-184.661
-223.104
388.171
188.021
-328.039
371.259
231.817
-289.153
-225.525
-82.03
266.721
203.088
47.2401
133.887
145.684
36.76
494.371
124.845
45.3491
400.024
224.885
198.502
19.0058
168.206
-78.8363
-151.066
235.967
117.588
258.384
-70.4904
35.7341
-231.414
-364.115
409.646
166.126
279.852
77.9542
344.713
-463.008
-338.491
-260.155
384.402
340.711
276.33
-250.464
500.163
451.071
-313.302
84.8371
-221.65
-29.6194
138.974
-476.855
201.534
493.606
-478.708
26.5813
246.884
362.098
-463.388
-367.035
395.76
192.129
-130.291
429.011
24.9291
350.443
-63.2041
144.59
264.161
-301.762
-388.957
102.978
-192.636
156.055
-74.6386
-116.575
338.195
176.461
82.6704
-317.428
-61.1024
-268.502
-492.168
386.044
48.2873
-496.198
13.15
-70.0846
-61.2519
-358.81
-246.229
103.289
-281.09
49.9105
382.222
468.36
32.2081
-64.6308
-146.954
277.705
-135.482
129.485
-370.078
-351.418
422.709
-64.2202
-182.614
-250.362
444.259
324.464
164.61
266.805
-26.6855
218.194
-279.111
365.881
266.801
60.2244
-191.935
65.2088
-118.871
-280.582
293.938
-262.188
-328.217
-61.6777
376.475
186.645
156.918
73.8002
397.739
347.622
-432.046
298.419
-316.488
235.626
490.057
-233.843
44.153
19.1921
79.6831
-362.197
406.352
-356.319
-450.682
496.3
366.8
9.96093
248.767
419.829
-169.008
-497.615
-168.664
-440.06
-224.489
82.1864
37.1223
257.331
490.225
-3.74508
40.7693
286.327
340.966
203.416
-101.669
-151.989
275.7
-426.742
378.061
154.18
-323.055
-403.723
177.749
-300.652
-271.704
105.881
301.442
217.043
-185.497
229.141
40.7031
54.8423
27.733
257.766
345.388
5.34496
-145.312
25.6206
67.1217
488.036
127.67
-148.299
483.126
68.5201
-282.8
452.788
175.791
-136.905
-486.215
106.318
303.617
-497.045
17.731
-268.992
-345.938
420.678
347.945
-399.721
431.318
496.693
-262.902
34.6207
454.11
-139.216
63.1976
-268.927
354.197
312.745
285.637
-453.781
-335.765
102.184
-440.436
11.7801
467.146
-82.8721
-454.953
-165.741
286.019
346.388
47.4913
-213.032
378.286
-270.617
-104.513
-292.499
95.8572
120.987
-393.588
-405.048
138.24
87.7817
-102.413
499.257
55.4792
234.648
-457.96
1.65911
470.456
497.169
-493.674
12.2477
-181.351
-122.825
-263.003
-432.672
12.7922
-491.437
-270.976
500.636
333.338
-426.426
179.964
124.544
-197.361
-222.391
-408.381
-277.567
-364.874
161.67
-425.264
-26.1195
111.797
-50.2606
5.24959
-206.229
283.181
-126.886
57.74
-110.567
370.142
443.137
64.5959
-365.254
118.095
-54.3459
-118.267
-478.414
-95.0215
-109.836
-76.5715
435.859
445.719
-319.899
-311.174
255.561
-260.423
-456.839
416.401
251.488
-346.018
74.8532
383.3
-191.348
78.9419
75.5923
-114.249
-12.2663
-71.1961
60.4277
259.631
60.6868
-11.6858
-342.072
336.62
-459.581
-396.395
-143.922
84.7019
255.016
-133.454
316.157
-339.059
304.671
157.589
289.626
178.087
434.273
-364.839
114.86
-366.906
-381.096
105.875
-39.9958
-357.289
351.221
122.62
-235.446
492.802
-368.935
-402.217
-64.6096
-5.87331
267.077
272.228
69.1705
-453.378
399.435
-472.285
246.83
231.442
-317.318
262.43
-312.741
89.8816
-402.622
337.237
69.4025
463.114
210.822
-215.417
371.475
-227.259
225.047
-207.34
26.1193
66.9294
289.844
393.201
-81.5909
281.262
472.181
-448.445
-458.609
375.063
-143.9
-446.424
-256.274
-283.285
370.228
450.199
426.407
-236.784
-343.488
-315.837
110.068
-406.292
-212.597
120.832
-263.295
337.636
83.3748
419.571
454.743
-317.97
190.481
218.318
-282.299
330.14
-82.0874
-47.866
-240.075
271.404
305.894
120.878
-385.131
473.384
239.574
305.154
-92.811
-16.2878
388.295
-397.181
-186.708
-293.38
370.298
457.951
-292.404
-60.0455
-118.59
-164.488
-136.437
-469.226
27.8273
67.3282
-394.505
-400.931
315.222
450.393
22.4322
-267.726
82.0195
-500.103
452.031
-469.722
-238.072
-71.3415
269.082
-247.521
311.947
414.548
-395.465
486.251
-110.589
209.617
-177.417
22.7517
200.019
-130.86
-80.0039
-219.671
231.792
189.586
328.58
294.783
-248.955
-343.979
-21.8088
352.107
-263.874
-262.42
36.0665
197.728
-305.026
385.136
426.17
-200.106
-392.821
155.836
-323.799
358.928
-156.95
-214.174
-30.1385
-308.157
125.005
-232.304
-352.748
394.157
-255.62
39.8047
-381.101
-336.752
126.603
492.323
440.207
20.1557
-51.159
-272.916
-297.611
-372.31
148.65
-80.6866
31.6471
156.172
251.137
-466.057
-432.888
403.16
-292.398
6.89307
-243.734
-326.763
258.378
-373.19
-177.752
-475.604
347.116
-324.799
28.1347
163.03
173.948
-408.51
-428.897
163.327
-204.153
-450.901
194.269
239.779
374.343
-5.63616
-355.471
375.496
-34.5317
-78.3492
-178.266
-338.938
367.467
-456.049
56.1179
-14.6595
286.596
205.157
240.224
430.512
-54.9061
163.662
414.388
-109.963
236.454
-8.58645
426.691
263.934
91.9726
-87.5223
-336.36
-405.361
-64.7421
-100.821
52.4542
-416.533
-464.48
-14.737
116.354
-324.788
310.012
264.528
-177.899
-27.862
245.446
-414.962
-214.566
201.762
427.841
81.2745
330.915
84.6556
75.0034
-171.263
-221.093
41.1648
-326.426
264.809
-331.155
271.197
-405.055
-155.407
-3.48215
395.929
156.752
408.619
472.012
280.061
-89.6669
235.372
444.374
338.865
79.23
-272.125
393.344
-483.986
226.48
-415.02
-493.562
158.285
-285.154
-134.979
57.1783
301.181
-363.364
-454.605
310.09
75.5378
394.143
296.705
387.984
82.886
-417.083
341.426
305.856
57.9581
-63.6153
-345.175
-104.978
-264.639
179.909
-273.079
9.7129
376.319
193.28
-188.342
-450.716
192.727
266.135
-275.444
-30.8636
160
-23.3398
-212.273
-148.53
93.6589
193.155
315.438
-212.355
-103.723
361.782
483.898
60.2943
-177.297
207.777
395.42
-283.143
-330.12
57.595
-431.8
-16.3038
-31.5644
-389.197
409.327
-35.7598
-4.18789
302.116
207.039
161.711
185.839
334.077
-105.129
-133.679
420.702
-474.641
394.4
374.961
197.403
269.966
-362.712
116.78
200.268
351.986
278.306
-288.643
380.184
-42.4045
236.94
-417.561
-364.358
7.14407
380.146
181.721
-143.264
181.279
-254.414
369.875
213.954
-358.989
232.557
-453.405
-267.353
95.0538
-168.894
-158.934
-401.816
-289.009
45.1837
356.511
-419.418
-191.424
-332.848
-125.514
-280.16
36.062
-129.136
122.459
482.277
-397.781
-227.127
-181.423
-219.794
407.905
438.161
450.426
299.205
-28.4114
-200.149
-175.855
135.429
-490.027
198.385
-158.054
-326.998
-328.833
-109.551
-180.069
477.687
-91.3224
349.39
-270.428
-180.597
277.648
449.765
358.055
-162.42
346.758
457.568
-38.4668
57.6474
335.691
-374.556
-493.543
100.733
-265.092
123.614
-95.7179
331.359
181.957
323.869
-363.317
385.095
-344.094
211.888
124.228
246.861
433.734
-472.679
470.659
-9.1424
-20.5357
-268.271
-433.967
-486.62
-377.754
152.937
-293.778
-448.146
-377.695
-17.4321
426.569
458.842
382.709
284.579
1.93448
86.1194
-423.478
135.724
451.02
-470.369
429.832
-66.8439
-158.339
-358.481
-172.024
34.9561
-137.206
455.896
-422.32
-370.283
31.1968
443.725
307.793
-309.119
198.792
84.5855
-399.795
-349.234
-163.42
-91.1668
80.628
-431.037
-116.921
234.749
-124.408
-460.497
-58.435
107.279
480.671
122.04
-192.887
-305.087
-355.055
-147.816
-359.036
-350.918
362.106
154.498
165.888
15.2692
491.279
442.9
-376.987
-412.941
463.578
-34.1209
-238.607
246.147
-490.529
109.137
129.947
286.228
239.01
468.08
326.973
192.194
456.115
-364.965
182.274
187.76
-309.888
-299.317
-58.0893
-139.157
-436.428
-395.183
-205.349
-55.4273
119.137
-346.258
3.85627
-261.361
170.547
-290.074
401.232
495.673
-196.715
256.615
337.454
300.423
141.065
-337.257
374.016
287.774
413.192
-436.263
169.483
-374.019
320.949
-189.851
-138.927
-430.301
477.513
-87.4468
79.6868
85.8495
-80.4748
64.1665
312.791
444.645
-482.971
140.031
-75.5315
-489.485
175.142
-115.662
361.858
-146.711
229.878
-151.339
119.027
-27.317
-157.295
-150.993
440.424
-193.069
473.546
72.8499
-344.149
-442.558
-238.67
-330.36
-101.183
436.9
208.229
-137.626
322.427
-23.7586
253.426
-446.807
-267.39
-114.245
-469.975
-287.013
246.429
-330.416
284.791
-82.6271
134.847
-214.035
104.765
167.333
13.6026
-403.913
362.843
457.878
-487.597
-368.169
256.218
-268.697
-381.753
-484.746
-256.888
-49.5172
83.8999
231.812
-112.212
112.857
-87.2357
-389.843
364.491
77.3123
416.845
306.66
-97.6629
-172.71
171.47
-142.959
221.829
-317.093
453.028
-491.394
-445.049
-188.054
-118.021
-479.364
422.619
-331.6
499.157
-9.52614
-210.617
-73.2357
336.692
-307.444
-405.671
-361.25
170.443
420.938
-453.895
-144.777
-183.889
-51.428
-177.817
442.971
-18.2875
270.795
-131.733
107.991
57.2248
23.9459
36.9731
318.594
-234.84
-319.907
-345.523
257.651
-85.8245
132.919
189.107
-437.616
-25.3867
-433.299
-49.4403
-122.544
-453.725
-66.5604
28.6861
195.114
121.685
-449.261
476.705
-493.62
-12.9915
-323.171
-199.429
406.492
-466.197
378.935
-378.081
119.302
144.97
-319.504
-68.0164
-434.182
-26.6394
153.91
-87.3555
-62.8744
-271.069
299.445
143.832
-192.313
-42.7286
-122.666
69.7275
-249.615
-424.831
-385.353
80.7377
179.549
-199.978
107.722
477.988
-384.681
-53.6416
-216.555
-387.063
304.503
477.116
347.601
-166.137
-258.54
-163.336
-80.8146
-460.428
348.451
-90.822
444.74
-123.769
314.867
-10.547
-371.884
437.29
-324.402
100.555
-458.249
266.22
-354.66
357.683
170.63
192.838
-475.518
472.254
349.47
-246.679
-270.433
192.76
-151.837
-315.703
41.4549
145.243
179.951
213.493
-338.019
-467.084
-386.286
-24.7307
440.582
279.062
90.0068
-451.389
279.967
-499.756
271.198
405.043
228.717
-309.356
458.748
-440.278
91.0241
302.417
64.2842
336.114
-321.132
-291.917
137.917
-268.578
384.455
346.689
-80.793
-465.305
299.017
215.178
294.51
-51.5334
59.8181
359.845
-178.099
-125.968
308.135
407.37
158.191
-360.937
-441.283
-195.298
-456.358
-328.586
432.265
-10.1411
-196.22
-109.31
412.625
377.14
-162.113
-86.9547
417.993
413.3
-167.273
115.83
-478.863
127.632
468.732
187.597
496.981
-124.772
-256.412
-446.239
-200.236
256.761
323.487
329.597
-335.041
-314.664
-14.1346
107.87
238.623
-425.219
-188.719
-105.352
-307.553
-375.901
-461.206
230.003
-142.518
20.7912
327.48
204.484
-90.2856
-161.835
-446.643
94.4182
-2.20544
-389.621
-129.453
373.624
222.098
-497.972
-68.6639
-341.746
-211.74
174.187
-209.925
198.74
394.82
401.631
127.279
23.7293
-12.6869
317.409
-405.324
-76.147
-437.557
-307.726
-299.095
-214.403
-9.00868
47.0546
-264.261
-16.1451
-103.37
497.543
-410.826
-357.134
431.623
-62.6529
362.575
-461.37
209.919
303.353
-415.567
-16.8491
403.346
-140.51
-306.699
-323.686
71.431
137.718
339.502
402.769
166.395
105.073
-101.222
-326.103
332.538
-317.156
-144.212
169.681
-394.909
212.164
-463.845
-108.676
-354.08
-14.5326
-238.247
461.708
379.724
-430.612
130.225
289.088
383.171
-207.868
-437.248
71.9405
184.739
30.764
-316.954
-180.86
-382.835
-361.616
-109.695
22.7232
387.106
467.365
-207.05
477.093
-359.696
-114.604
59.5098
-126.101
-467.649
-389.833
293.306
-452.636
-263.085
294.222
134.577
359.198
-267.28
36.0123
80.0162
-61.5516
195.066
-233.657
359.7
495.825
13.6235
108.951
453.35
-480.069
-372.84
86.2147
-88.2354
26.0989
268.976
-326.846
72.2166
285.705
61.5532
-18.8592
376.12
-245.602
397.342
193.673
413.141
-64.127
445.032
-290.398
-92.7547
385.783
375.608
-207.724
98.027
212.108
-9.79082
-77.8334
242.651
272.655
-174.988
487.684
-137.069
-371.11
-199.153
-112.369
475.005
150.639
207.782
295.437
348.792
-462.389
235.512
-241.493
360.658
-115.155
-477.475
-120.776
-151.651
193.646
150.394
139.712
-301.167
473.012
-145.714
311.758
272.994
350.088
-311.37
-483.669
-102.73
-204.674
-198.664
191.75
314.335
198.12
188.41
87.1279
125.183
-495.527
325.588
262.404
-78.4326
-104.088
201.074
-58.8301
183.58
381.009
85.9535
-229.559
455.154
362.018
-262.511
130.141
6.28511
-155.592
429.954
427.456
-27.4877
-395.189
-116.3
29.3649
214.523
179.125
480.132
197.765
333.363
-75.8491
-5.92891
-480.568
-328.659
-341.087
51.1559
263.999
-297.087
-304.205
110.207
210.267
240.943
122.207
-295.076
153.361
-376.755
-221.312
432.2
-391.898
335.04
-16.4717
498.528
461.84
436.659
206.002
-96.6144
368.596
302.661
55.6331
-307.774
-223.175
-435.203
64.2131
143.367
125.263
186.096
-361.603
-419.205
477.24
86.4867
-399.73
-96.5099
17.659
256.128
-493.907
-279.286
-245.431
-158.568
78.893
262.756
-277.341
342.89
-130.476
459.386
-114.959
-287.957
-225.974
280.015
-280.637
-313.925
97.0453
-488.625
304.7
-149.121
446.127
84.7486
-357.729
359.412
186.734
92.9211
361.67
313.382
-262.345
-328.276
-126.54
-314.526
-232.412
63.0622
-447.344
-417.704
121.06
-113.939
427.092
463.994
-289.148
-412.519
-434.794
-235.462
-316.298
-237.121
202.939
-163.424
351.799
-469.462
435.67
189.615
-386.619
32.5195
273.904
424.536
-50.4293
210.87
59.9559
179.362
7.06967
316.093
-465.131
142.359
203.003
-113.074
-495.987
192.403
103.242
-193.316
218.437
-437.199
451.907
-251.089
-91.401
385.117
-343.934
-305.479
177.727
122.995
56.6581
-16.4032
-35.7567
-432.25
-430.729
-13.1448
-240.419
415.032
-95.4125
-201.189
-93.5714
-282.284
284.517
-243.57
32.6008
339.974
-99.6336
138.903
-62.1837
-271.389
193.72
139.079
231.877
-123.465
217.232
11.103
407.961
245.308
-378.15
151.721
352.444
497.01
345.072
-84.4676
204.067
397.169
137.39
-328.926
87.3587
193.557
274.046
-112.393
-495.047
371.484
343.581
-280.948
-11.9003
145.102
410.871
-261.228
-82.4257
-9.7253
-191.644
86.0828
288.044
80.5933
-481.299
-241.097
47.6887
-346.542
132.786
-84.2936
-402.448
-498.659
455.964
425.257
-415.283
255.206
-270.634
382.931
-117.928
117.767
-153.511
72.5725
-468.444
89.4689
-43.605
-242.917
400.158
-256.372
498.463
-391.512
113.61
-17.6745
485.007
439.921
-361.129
-199.162
-413.552
212.84
187.849
480.227
-473.071
-174.507
461.721
226.351
109.506
-370.931
-261.582
104.361
-286.21
-346.523
-98.97
-158.98
-314.419
391.518
-171.129
230.722
-91.8888
14.4295
-333.107
-10.7932
355.644
162.73
-267.329
360.814
-308.372
-197.879
250.022
416.864
-225.679
63.709
177.126
38.0088
196.659
-319.624
-290.219
469.379
-209.141
-260.089
396.198
-27.0094
-325.241
-108.913
-78.7478
-136.705
331.158
-198.236
-491.845
-274.299
-285.683
-215.27
-421.34
-218.765
-313.756
103.952
-96.7584
-411.525
352.85
-494.264
43.2144
-233.024
328.383
379.656
164.504
-5.73219
244.878
-23.0886
-402.65
-293.699
-217.708
423.361
25.6118
233.466
352.325
-307.059
355.699
-266.911
-468.343
-1.3107
-297.522
-80.0343
-225.045
-205.618
-341.977
341.101
-393.968
371.151
96.3497
-295.041
329.348
-341.214
-139.183
-366.13
-251.693
237.373
-371.484
88.6147
-417.531
221.223
290.549
-316.192
-323.787
-101.097
288.961
365.812
-495.237
-300.357
-312.15
-238.946
-30.9273
110.058
290.727
-495.939
-489.905
-464.765
276.487
461.971
-465.3
-17.4107
456.206
369.571
87.2475
-82.8637
333.414
460.241
295.13
-263.752
-265.972
291.115
473.853
33.331
-33.8366
347.613
55.3707
250.398
-245.246
-460.02
286.896
-228.892
-361.694
-481.652
-256.432
-239.68
-2.0952
-275.28
283.675
223.288
300.914
-313.648
432.926
-364.861
-181.015
7.6662
364.765
-85.2224
-422.691
-380.282
-309.278
-198.527
147.757
284.322
279.418
-245.943
-75.5116
-433.616
-120.638
183.61
120.358
-266.565
424.834
208.581
415.662
-23.6481
-205.825
-33.3138
192.982
282.013
322.246
-49.7314
84.5477
403.195
-278.825
-3.83838
275.08
381.306
-119.191
-44.4391
-175.75
-256.793
287.262
232.156
104.742
-449.643
39.1262
321.745
-479.722
-325.859
308.745
154.73
-97.1009
-280.739
-122.922
248.144
390.265
-177.246
-292.043
154.77
420.572
-320.773
100.788
-80.3721
-364.458
336.057
-232.929
254.028
23.8215
-43.3213
-356.944
442.415
-293.402
-421.736
-26.0631
-479.229
177.92
403.333
439.52
356.218
386.937
-474.182
-180.062
-446.895
-259.976
347.626
-278.682
361.129
-406.702
154.528
356.372
-376.4
-430.759
310
260.439
-171.258
-355.493
-264.242
