-307.92
272.321
-442.14
-217.443
-153.023
395.638
-401.463
2.07285
-416.477
-45.282
345.775
403.255
130.032
434.947
-274.663
-209.936
-313.165
185.181
169.709
352.307
308.23
-45.7762
-68.4891
-390.097
192.446
248.999
-191.596
-498.55
63.8518
450.239
470.006
-418.098
139.432
-35.4772
2.90323
128.873
132.73
-17.8261
-219.498
183.185
340.302
447.165
-81.4378
350.527
-376.213
480.805
457.941
126.39
-499.183
-403.514
-46.6517
-310.219
-204.036
377.6
232.968
-332.479
-489.969
102.169
-222.36
213.696
-250.461
-441.791
-90.4038
-302.775
-227.048
-88.6721
235.676
450.081
223.936
360.247
385.465
-27.1743
469.371
-443.841
-79.0387
-287.302
349.038
-34.902
294.274
26.0277
-40.9656
-292.021
10.5907
-213.354
-66.7828
-188.43
263.327
-324.682
-341.948
421.428
423.06
-247.486
434.823
208.539
-117.065
-247.419
-346.267
-431.672
278.542
-88.3837
215.627
294.573
489.418
-208.652
384.779
-249.352
335.81
76.9366
276.226
496.73
17.0425
-48.3218
280.589
217.166
-122.02
401.455
79.3641
-313.601
-312.284
-397.148
-149.333
-1.90154
140.338
-252.777
361.314
-306.856
490.656
238.665
332.172
327.375
258.382
-288.838
421.858
-403.529
-121.692
428.205
444.177
253.168
-5.94457
-498.08
252.452
242.615
-157.114
11.3515
434.112
440.477
-64.5564
-27.2406
328.754
217.557
228.446
-218.472
-72.8683
254.138
-474.585
443.071
-54.154
-467.144
-163.966
197.553
-314.221
-287.573
364.345
362.193
-242.583
-140.546
222.511
140.652
327.657
371.193
144.008
26.2777
-496.95
406.429
-468.916
-255.995
239.012
-158.915
-355.382
-293.456
-97.8575
65.9938
290.018
-112.749
-98.435
416.916
-295.205
437.604
433.615
450.071
445.016
-182.669
-246.635
284.384
-359.693
-196.982
8.84057
274.919
466.621
413.534
-368.609
304.499
-270.644
-452.968
-83.1368
103.791
-106.106
209.18
125.045
451.758
68.4036
-439.288
-408.715
-373.103
98.875
437.392
114.087
-128.297
480.994
-85.9905
-481.306
-89.2836
-473.242
437.153
-289.028
80.0258
34.6501
-431.676
230.521
315.702
88.4151
293.88
-491.985
84.2326
500.443
-34.1107
357.005
-66.1605
418.858
-425.535
-389.223
-62.3171
21.8747
364.239
295.771
-78.7925
430.035
83.688
291.85
-392
335.144
271.042
-46.5054
19.3957
337.516
170.249
-447.491
-147.613
223.559
-218.762
-188.793
400.516
-167.227
37.8493
149.125
248.371
352.961
-173.417
353.616
-361.83
-134.743
-414.872
-261.645
-48.6004
71.3369
1.53372
61.9168
375.959
-383.255
185.221
-340.658
13.6484
-450.005
-90.0849
376.878
491.754
-480.993
90.8565
-466.11
-224.841
-403.819
-294.577
125.425
-191.88
-81.3433
38.0593
307.693
-112.62
235.773
-58.32
-151.619
-121.274
-453.699
-372.25
348.587
-454.256
320.466
-215.143
416.368
451.571
281.124
416.712
-38.3377
-343.516
229.036
383.763
448.91
-10.2672
214.167
319.417
-476.608
312.16
19.5053
-239.964
431.325
-430.585
-178.165
298.267
-373.629
-487.614
-40.6185
480.321
373.413
389.136
-370.105
-147.333
479.226
140.786
483.796
431.605
69.2853
124.57
-206.486
460.953
-61.6192
179.781
-316.944
-88.7657
-147.689
274.936
-183.456
361.506
-378.762
-158.413
380.042
-274.679
449.207
193.778
-319.085
-232.809
100.298
479.942
69.6911
-104.598
-43.6101
232.174
-298.803
-386.747
-92.9727
-37.1231
132.179
419.342
-208.051
-234.08
-264.851
404.841
376.478
279.391
450.491
160.55
260.523
218.166
-483.405
-233.891
-147.074
46.3927
79.8161
357.639
75.8553
-312.003
55.607
-202.856
98.6262
375.255
-363.235
-40.2178
-425.529
180.084
360.298
482.312
-181.989
-283.625
491.44
-46.672
-229.982
405.002
72.5182
-214.675
-87.1039
-217.261
122.734
71.0971
-12.8634
-454.198
162.156
377.534
462.215
-102.95
299.423
-17.9506
-5.29715
311.994
-27.8098
-245.96
-113.598
62.2528
-217.7
-281.597
-381.531
-100.725
-169.305
384.832
-136.418
82.1761
134.404
-462.245
-20.0791
214.517
-297.908
159.802
420.698
-144.84
-352.405
365.961
-159.231
274.623
441.944
-457.057
-144.237
-11.2025
136.36
415.343
-244.688
-201.328
-87.3361
451.103
-80.1858
-143.431
19.3785
-163.527
-473.078
4.14602
94.6051
490.385
-497.437
14.4831
-472.035
287.236
-56.6855
256.319
-346.694
-149.055
300.364
356.471
298.879
-495.352
455.149
183.98
-457.701
-285.596
172.952
85.9347
-226.905
358.71
358.735
-424.612
-319.45
-129.309
-363.154
436.556
-2.77976
430.99
428.406
-4.68335
286.334
338.245
87.3591
101.273
294.35
94.8552
