-101.404
361.493
-332.602
319.661
-109.844
315.968
124.813
21.4811
-36.0725
462.837
193.159
-219.85
-387.786
87.3575
370.175
-480.529
105.216
107.058
98.1439
133.142
-327.104
479.547
275.353
40.4104
298.339
-291.229
156.038
-86.8011
-320.117
-372.928
-403.344
158.871
-192.479
443.377
189.648
-495.611
-22.6297
465.669
473.186
-106.409
6.32661
260.022
-405.717
203.188
-17.982
-413.127
426.573
-426.885
-334.927
406.674
-443.782
38.3262
374.443
-261.395
7.0737
116.153
-262.442
172.765
-219.999
390.994
-449.069
156.307
373.118
-491.693
-450.455
229.619
297.653
357.649
-268.94
-16.7254
483.847
-286.414
-6.0546
411.448
-332.132
461.035
103.562
-153.843
197.534
-181.724
-40.9042
39.2266
176.289
7.65387
12.9192
-218.243
154.258
-240.055
-460.835
-383.366
450.945
71.1683
-458.743
-28.1864
-367.548
-301.267
118.255
244.009
234.369
-236.772
