-101.404
361.493
-332.602
319.661
-109.844
315.968
124.813
21.4811
-36.0725
462.837
193.159
-219.85
-387.786
87.3575
370.175
-480.529
105.216
107.058
98.1439
133.142
-327.104
479.547
275.353
40.4104
298.339
-291.229
156.038
-86.8011
-320.117
-372.928
-403.344
158.871
-192.479
443.377
189.648
-495.611
-22.6297
465.669
473.186
-106.409
6.32661
260.022
-405.717
203.188
-17.982
-413.127
426.573
-426.885
-334.927
406.674
-443.782
38.3262
374.443
-261.395
7.0737
116.153
-262.442
172.765
-219.999
390.994
-449.069
156.307
373.118
-491.693
-450.455
229.619
297.653
357.649
-268.94
-16.7254
483.847
-286.414
-6.0546
411.448
-332.132
461.035
103.562
-153.843
197.534
-181.724
-40.9042
39.2266
176.289
7.65387
12.9192
-218.243
154.258
-240.055
-460.835
-383.366
450.945
71.1683
-458.743
-28.1864
-367.548
-301.267
118.255
244.009
234.369
-236.772
-273.042
241.055
456.672
84.6131
129.614
207.474
-309.381
132.065
500.654
-421.402
367.162
-273.654
60.1637
-276.96
266.326
-38.8218
-465.747
463.669
257.987
-336.927
13.2621
-465.159
320.044
-87.7677
254.475
-185.9
-228.84
104.054
474.217
80.5369
-391.746
-276.912
396.236
-276.913
-285.864
-38.8237
155.241
-118.769
98.2067
-292.982
212.707
471.319
435.435
-227.55
453.387
147.195
424.446
199.627
161.688
471.904
87.3801
-243.677
-11.7108
214.905
-65.9823
-459.599
483.769
217.235
3.29134
325.857
249.873
298.812
-394.159
492
-471.979
500.399
-471.632
-298.98
103.522
-90.2604
-18.7726
-445.193
-477.778
-418.747
104.214
-434.748
214.656
-25.405
-228.998
-161.662
-478.309
-257.337
403.136
-430.284
-67.2018
-173.162
-67.404
-85.5165
-277.783
-23.2515
245.867
233.083
188.559
66.3383
272.892
-115.534
-387.061
198.142
426.187
-293.855
